  0.0000000e+000  3.5000000e+002  0.0000000e+000
  1.0000000e+001  7.5001690e+001  0.0000000e+000
  2.0000000e+001  7.5000000e+001  0.0000000e+000
  3.0000000e+001  7.5000000e+001  0.0000000e+000
  4.0000000e+001  7.5000000e+001  0.0000000e+000
  5.0000000e+001  7.5000000e+001  0.0000000e+000
  6.0000000e+001  7.5000000e+001  0.0000000e+000
  7.0000000e+001  7.5000000e+001  0.0000000e+000
  8.0000000e+001  7.5000000e+001  0.0000000e+000
  9.0000000e+001  7.5000000e+001  0.0000000e+000
  1.0000000e+002  1.6037482e+002  0.0000000e+000
  1.1000000e+002  2.0096502e+002  0.0000000e+000
  1.2000000e+002  2.1565933e+002  0.0000000e+000
  1.3000000e+002  3.6062524e+002  0.0000000e+000
  1.4000000e+002  2.6023282e+002  0.0000000e+000
  1.5000000e+002  2.7926065e+002  0.0000000e+000
  1.6000000e+002  2.1515724e+002  0.0000000e+000
  1.7000000e+002  2.9949182e+002  0.0000000e+000
  1.8000000e+002  2.7271370e+002  0.0000000e+000
  1.9000000e+002  3.1158838e+002  0.0000000e+000
  2.0000000e+002  3.3847919e+002  0.0000000e+000
  2.1000000e+002  3.4847208e+002  0.0000000e+000
  2.2000000e+002  1.7442367e+002  0.0000000e+000
  2.3000000e+002  7.5033202e+001  0.0000000e+000
  2.4000000e+002  7.5000000e+001  0.0000000e+000
  2.5000000e+002  7.5000000e+001  0.0000000e+000
  2.6000000e+002  7.5000000e+001  0.0000000e+000
  2.7000000e+002  7.5000000e+001  0.0000000e+000
  2.8000000e+002  2.5673575e+002  0.0000000e+000
  2.9000000e+002  3.5595724e+002  0.0000000e+000
  3.0000000e+002  3.9277467e+002  0.0000000e+000
  3.1000000e+002  2.5496228e+002  0.0000000e+000
  3.2000000e+002  1.6520742e+002  0.0000000e+000
  3.3000000e+002  1.3187725e+002  0.0000000e+000
  3.4000000e+002  2.1728263e+002  0.0000000e+000
  3.5000000e+002  2.7390391e+002  0.0000000e+000
  3.6000000e+002  2.9493453e+002  0.0000000e+000
  3.7000000e+002  2.2740264e+002  0.0000000e+000
  3.8000000e+002  1.8313646e+002  0.0000000e+000
  3.9000000e+002  1.6669709e+002  0.0000000e+000
  4.0000000e+002  1.7867155e+002  0.0000000e+000
  4.1000000e+002  1.8772739e+002  0.0000000e+000
  4.2000000e+002  1.9109591e+002  0.0000000e+000
  4.3000000e+002  7.8532903e+001  0.0000000e+000
  4.4000000e+002  7.5000022e+001  0.0000000e+000
  4.5000000e+002  7.5000000e+001  0.0000000e+000
  4.6000000e+002  7.5000000e+001  0.0000000e+000
  4.7000000e+002  7.5000000e+001  0.0000000e+000
  4.8000000e+002  7.5000000e+001  0.0000000e+000
  4.9000000e+002  1.9152762e+002  0.0000000e+000
  5.0000000e+002  3.0579049e+002  0.0000000e+000
  5.1000000e+002  3.4786816e+002  0.0000000e+000
  5.2000000e+002  2.8068707e+002  0.0000000e+000
  5.3000000e+002  2.3464223e+002  0.0000000e+000
  5.4000000e+002  2.1753332e+002  0.0000000e+000
  5.5000000e+002  1.5068814e+002  0.0000000e+000
  5.6000000e+002  1.1047289e+002  0.0000000e+000
  5.7000000e+002  7.5000407e+001  0.0000000e+000
  5.8000000e+002  7.5000000e+001  0.0000000e+000
  5.9000000e+002  7.5000000e+001  0.0000000e+000
  6.0000000e+002  7.5000000e+001  0.0000000e+000
  6.1000000e+002  2.2289727e+002  0.0000000e+000
  6.2000000e+002  3.0469157e+002  0.0000000e+000
  6.3000000e+002  3.3503555e+002  0.0000000e+000
  6.4000000e+002  2.7248970e+002  0.0000000e+000
  6.5000000e+002  2.3046016e+002  0.0000000e+000
  6.6000000e+002  2.1484681e+002  0.0000000e+000
  6.7000000e+002  2.5484814e+002  0.0000000e+000
  6.8000000e+002  2.8136810e+002  0.0000000e+000
  6.9000000e+002  2.9121831e+002  0.0000000e+000
  7.0000000e+002  2.8546401e+002  0.0000000e+000
  7.1000000e+002  2.8092707e+002  0.0000000e+000
  7.2000000e+002  2.7923875e+002  0.0000000e+000
  7.3000000e+002  3.0748780e+002  0.0000000e+000
  7.4000000e+002  3.2532971e+002  0.0000000e+000
  7.5000000e+002  3.3195273e+002  0.0000000e+000
  7.6000000e+002  3.0582488e+002  0.0000000e+000
  7.7000000e+002  2.8884216e+002  0.0000000e+000
  7.8000000e+002  2.8253583e+002  0.0000000e+000
  7.9000000e+002  1.4034661e+002  0.0000000e+000
  8.0000000e+002  7.5002376e+001  0.0000000e+000
  8.1000000e+002  7.5000000e+001  0.0000000e+000
  8.2000000e+002  1.2655148e+002  0.0000000e+000
  8.3000000e+002  2.2671930e+002  0.0000000e+000
  8.4000000e+002  2.5710519e+002  0.0000000e+000
  8.5000000e+002  3.2851879e+002  0.0000000e+000
  8.6000000e+002  3.7033298e+002  0.0000000e+000
  8.7000000e+002  3.8583940e+002  0.0000000e+000
  8.8000000e+002  3.5970484e+002  0.0000000e+000
  8.9000000e+002  3.4187455e+002  0.0000000e+000
  9.0000000e+002  3.3524968e+002  0.0000000e+000
  9.1000000e+002  2.0926453e+002  0.0000000e+000
  9.2000000e+002  1.3103707e+002  0.0000000e+000
  9.3000000e+002  7.5456551e+001  0.0000000e+000
  9.4000000e+002  3.6232829e+002  0.0000000e+000
  9.5000000e+002  3.2923504e+002  0.0000000e+000
  9.6000000e+002  3.7147364e+002  0.0000000e+000
  9.7000000e+002  3.8271756e+002  0.0000000e+000
  9.8000000e+002  3.8574465e+002  0.0000000e+000
  9.9000000e+002  3.8684942e+002  0.0000000e+000
  1.0000000e+003  3.1817101e+002  0.0000000e+000
  1.0100000e+003  3.4301077e+002  0.0000000e+000
  1.0200000e+003  3.5238415e+002  0.0000000e+000
  1.0300000e+003  3.0385600e+002  0.0000000e+000
  1.0400000e+003  2.7259140e+002  0.0000000e+000
  1.0500000e+003  2.6098293e+002  0.0000000e+000
  1.0600000e+003  2.8862722e+002  0.0000000e+000
  1.0700000e+003  3.0703244e+002  0.0000000e+000
  1.0800000e+003  3.1386896e+002  0.0000000e+000
  1.0900000e+003  3.7856865e+002  0.0000000e+000
  1.1000000e+003  3.7298012e+002  0.0000000e+000
  1.1100000e+003  3.6769461e+002  0.0000000e+000
  1.1200000e+003  3.6474106e+002  0.0000000e+000
  1.1300000e+003  3.6170084e+002  0.0000000e+000
  1.1400000e+003  3.6056684e+002  0.0000000e+000
  1.1500000e+003  3.2931362e+002  0.0000000e+000
  1.1600000e+003  3.0985931e+002  0.0000000e+000
  1.1700000e+003  3.0263908e+002  0.0000000e+000
  1.1800000e+003  2.3658166e+002  0.0000000e+000
  1.1900000e+003  1.9592060e+002  0.0000000e+000
  1.2000000e+003  2.1304433e+002  0.0000000e+000
  1.2100000e+003  2.5997901e+002  0.0000000e+000
  1.2200000e+003  2.9104112e+002  0.0000000e+000
  1.2300000e+003  3.0257817e+002  0.0000000e+000
  1.2400000e+003  3.2051326e+002  0.0000000e+000
  1.2500000e+003  3.3064380e+002  0.0000000e+000
  1.2600000e+003  3.3439877e+002  0.0000000e+000
  1.2700000e+003  2.9158743e+002  0.0000000e+000
  1.2800000e+003  2.6443452e+002  0.0000000e+000
  1.2900000e+003  2.5435466e+002  0.0000000e+000
  1.3000000e+003  2.6446118e+002  0.0000000e+000
  1.3100000e+003  2.7174405e+002  0.0000000e+000
  1.3200000e+003  2.7445167e+002  0.0000000e+000
  1.3300000e+003  3.2258385e+002  0.0000000e+000
  1.3400000e+003  3.5245360e+002  0.0000000e+000
  1.3500000e+003  3.6353898e+002  0.0000000e+000
  1.3600000e+003  4.0364491e+002  0.0000000e+000
  1.3700000e+003  3.6306123e+002  0.0000000e+000
  1.3800000e+003  3.7059223e+002  0.0000000e+000
  1.3900000e+003  2.0982333e+002  0.0000000e+000
  1.4000000e+003  2.1300462e+002  0.0000000e+000
  1.4100000e+003  1.6814357e+002  0.0000000e+000
  1.4200000e+003  2.7757484e+002  0.0000000e+000
  1.4300000e+003  3.6002456e+002  0.0000000e+000
  1.4400000e+003  4.0014595e+002  0.0000000e+000
  1.4500000e+003  3.2806992e+002  0.0000000e+000
  1.4600000e+003  3.9234971e+002  0.0000000e+000
  1.4700000e+003  3.6044248e+002  0.0000000e+000
  1.4800000e+003  3.4759444e+002  0.0000000e+000
  1.4900000e+003  3.3758912e+002  0.0000000e+000
  1.5000000e+003  3.3386371e+002  0.0000000e+000
  1.5100000e+003  2.8710627e+002  0.0000000e+000
  1.5200000e+003  2.5819364e+002  0.0000000e+000
  1.5300000e+003  2.4746396e+002  0.0000000e+000
  1.5400000e+003  2.7999186e+002  0.0000000e+000
  1.5500000e+003  3.0137038e+002  0.0000000e+000
  1.5600000e+003  3.0931009e+002  0.0000000e+000
  1.5700000e+003  2.3816714e+002  0.0000000e+000
  1.5800000e+003  1.9288363e+002  0.0000000e+000
  1.5900000e+003  2.0744119e+002  0.0000000e+000
  1.6000000e+003  1.9741781e+002  0.0000000e+000
  1.6100000e+003  1.9302412e+002  0.0000000e+000
  1.6200000e+003  1.9140215e+002  0.0000000e+000
  1.6300000e+003  2.7475204e+002  0.0000000e+000
  1.6400000e+003  3.2707626e+002  0.0000000e+000
  1.6500000e+003  3.4649787e+002  0.0000000e+000
  1.6600000e+003  3.9578542e+002  0.0000000e+000
  1.6700000e+003  3.6093807e+002  0.0000000e+000
  1.6800000e+003  3.6968539e+002  0.0000000e+000
  1.6900000e+003  3.6024769e+002  0.0000000e+000
  1.7000000e+003  3.5347359e+002  0.0000000e+000
  1.7100000e+003  3.5095523e+002  0.0000000e+000
  1.7200000e+003  2.8314045e+002  0.0000000e+000
  1.7300000e+003  2.4093302e+002  0.0000000e+000
  1.7400000e+003  2.2526825e+002  0.0000000e+000
  1.7500000e+003  2.9362179e+002  0.0000000e+000
  1.7600000e+003  3.3789279e+002  0.0000000e+000
  1.7700000e+003  3.5433157e+002  0.0000000e+000
  1.7800000e+003  3.0007575e+002  0.0000000e+000
  1.7900000e+003  2.6455527e+002  0.0000000e+000
  1.8000000e+003  2.5136403e+002  0.0000000e+000
  1.8100000e+003  2.1175753e+002  0.0000000e+000
  1.8200000e+003  2.3529056e+002  0.0000000e+000
  1.8300000e+003  2.1041616e+002  0.0000000e+000
  1.8400000e+003  2.1108156e+002  0.0000000e+000
  1.8500000e+003  2.1386473e+002  0.0000000e+000
  1.8600000e+003  2.1490882e+002  0.0000000e+000
  1.8700000e+003  2.0942060e+002  0.0000000e+000
  1.8800000e+003  2.0588627e+002  0.0000000e+000
  1.8900000e+003  2.0457399e+002  0.0000000e+000
  1.9000000e+003  2.1821573e+002  0.0000000e+000
  1.9100000e+003  2.2687895e+002  0.0000000e+000
  1.9200000e+003  2.3009500e+002  0.0000000e+000
  1.9300000e+003  2.5825966e+002  0.0000000e+000
  1.9400000e+003  2.7558311e+002  0.0000000e+000
  1.9500000e+003  2.8201152e+002  0.0000000e+000
  1.9600000e+003  2.2749355e+002  0.0000000e+000
  1.9700000e+003  1.9275941e+002  0.0000000e+000
  1.9800000e+003  3.0186275e+002  0.0000000e+000
  1.9900000e+003  3.7701377e+002  0.0000000e+000
  2.0000000e+003  2.5795676e+002  0.0000000e+000
  2.0100000e+003  2.6474757e+002  0.0000000e+000
  2.0200000e+003  2.9607936e+002  0.0000000e+000
  2.0300000e+003  3.1465929e+002  0.0000000e+000
  2.0400000e+003  3.2155066e+002  0.0000000e+000
  2.0500000e+003  2.8969871e+002  0.0000000e+000
  2.0600000e+003  2.6910772e+002  0.0000000e+000
  2.0700000e+003  2.6146201e+002  0.0000000e+000
  2.0800000e+003  2.7799913e+002  0.0000000e+000
  2.0900000e+003  2.8907592e+002  0.0000000e+000
  2.1000000e+003  2.9319063e+002  0.0000000e+000
  2.1100000e+003  2.6827376e+002  0.0000000e+000
  2.1200000e+003  2.5228716e+002  0.0000000e+000
  2.1300000e+003  2.4635168e+002  0.0000000e+000
  2.1400000e+003  3.1661229e+002  0.0000000e+000
  2.1500000e+003  3.6115325e+002  0.0000000e+000
  2.1600000e+003  3.7768790e+002  0.0000000e+000
  2.1700000e+003  3.4548956e+002  0.0000000e+000
  2.1800000e+003  3.2376617e+002  0.0000000e+000
  2.1900000e+003  3.1569588e+002  0.0000000e+000
  2.2000000e+003  2.1693612e+002  0.0000000e+000
  2.2100000e+003  2.6160622e+002  0.0000000e+000
  2.2200000e+003  2.2360450e+002  0.0000000e+000
  2.2300000e+003  3.1817610e+002  0.0000000e+000
  2.2400000e+003  3.8098026e+002  0.0000000e+000
  2.2500000e+003  4.0430783e+002  0.0000000e+000
  2.2600000e+003  3.0469623e+002  0.0000000e+000
  2.2700000e+003  2.4013267e+002  0.0000000e+000
  2.2800000e+003  2.1615862e+002  0.0000000e+000
  2.2900000e+003  3.7384535e+002  0.0000000e+000
  2.3000000e+003  2.8293433e+002  0.0000000e+000
  2.3100000e+003  3.0525116e+002  0.0000000e+000
  2.3200000e+003  2.9130561e+002  0.0000000e+000
  2.3300000e+003  2.8045608e+002  0.0000000e+000
  2.3400000e+003  2.7641918e+002  0.0000000e+000
  2.3500000e+003  2.8349757e+002  0.0000000e+000
  2.3600000e+003  2.8831135e+002  0.0000000e+000
  2.3700000e+003  2.9009985e+002  0.0000000e+000
  2.3800000e+003  2.9897195e+002  0.0000000e+000
  2.3900000e+003  3.0435536e+002  0.0000000e+000
  2.4000000e+003  3.0635269e+002  0.0000000e+000
  2.4100000e+003  3.3780840e+002  0.0000000e+000
  2.4200000e+003  3.5730748e+002  0.0000000e+000
  2.4300000e+003  3.6454395e+002  0.0000000e+000
  2.4400000e+003  2.9470796e+002  0.0000000e+000
  2.4500000e+003  2.5030927e+002  0.0000000e+000
  2.4600000e+003  2.3382685e+002  0.0000000e+000
  2.4700000e+003  2.3415131e+002  0.0000000e+000
  2.4800000e+003  2.3591928e+002  0.0000000e+000
  2.4900000e+003  2.3658282e+002  0.0000000e+000
  2.5000000e+003  2.6317488e+002  0.0000000e+000
  2.5100000e+003  2.7975634e+002  0.0000000e+000
  2.5200000e+003  2.8591049e+002  0.0000000e+000
  2.5300000e+003  3.0084268e+002  0.0000000e+000
  2.5400000e+003  3.0960473e+002  0.0000000e+000
  2.5500000e+003  3.1285415e+002  0.0000000e+000
  2.5600000e+003  2.4082391e+002  0.0000000e+000
  2.5700000e+003  1.9543034e+002  0.0000000e+000
  2.5800000e+003  2.9969953e+002  0.0000000e+000
  2.5900000e+003  3.2250113e+002  0.0000000e+000
  2.6000000e+003  3.3944808e+002  0.0000000e+000
  2.6100000e+003  3.4575075e+002  0.0000000e+000
  2.6200000e+003  3.8270386e+002  0.0000000e+000
  2.6300000e+003  4.0523510e+002  0.0000000e+000
  2.6400000e+003  4.1359508e+002  0.0000000e+000
  2.6500000e+003  2.6855901e+002  0.0000000e+000
  2.6600000e+003  3.0096002e+002  0.0000000e+000
  2.6700000e+003  2.4737547e+002  0.0000000e+000
  2.6800000e+003  3.4459182e+002  0.0000000e+000
  2.6900000e+003  2.8221176e+002  0.0000000e+000
  2.7000000e+003  3.1071185e+002  0.0000000e+000
  2.7100000e+003  2.4479635e+002  0.0000000e+000
  2.7200000e+003  2.0082459e+002  0.0000000e+000
  2.7300000e+003  3.0844571e+002  0.0000000e+000
  2.7400000e+003  2.8039989e+002  0.0000000e+000
  2.7500000e+003  3.0025115e+002  0.0000000e+000
  2.7600000e+003  3.1715256e+002  0.0000000e+000
  2.7700000e+003  2.5550822e+002  0.0000000e+000
  2.7800000e+003  2.1531919e+002  0.0000000e+000
  2.7900000e+003  2.0039495e+002  0.0000000e+000
  2.8000000e+003  2.4462240e+002  0.0000000e+000
  2.8100000e+003  2.7372215e+002  0.0000000e+000
  2.8200000e+003  2.8452957e+002  0.0000000e+000
  2.8300000e+003  2.9499878e+002  0.0000000e+000
  2.8400000e+003  3.0052557e+002  0.0000000e+000
  2.8500000e+003  3.0257211e+002  0.0000000e+000
  2.8600000e+003  2.6846774e+002  0.0000000e+000
  2.8700000e+003  2.4692688e+002  0.0000000e+000
  2.8800000e+003  2.3893077e+002  0.0000000e+000
  2.8900000e+003  2.6182291e+002  0.0000000e+000
  2.9000000e+003  2.7691070e+002  0.0000000e+000
  2.9100000e+003  2.8251430e+002  0.0000000e+000
  2.9200000e+003  2.6044144e+002  0.0000000e+000
  2.9300000e+003  2.4609359e+002  0.0000000e+000
  2.9400000e+003  2.4076569e+002  0.0000000e+000
  2.9500000e+003  2.6264958e+002  0.0000000e+000
  2.9600000e+003  2.7685296e+002  0.0000000e+000
  2.9700000e+003  2.8212711e+002  0.0000000e+000
  2.9800000e+003  2.2629435e+002  0.0000000e+000
  2.9900000e+003  1.9084684e+002  0.0000000e+000
  3.0000000e+003  2.9821520e+002  0.0000000e+000
  3.0100000e+003  3.1158170e+002  0.0000000e+000
  3.0200000e+003  3.2204374e+002  0.0000000e+000
  3.0300000e+003  3.2593670e+002  0.0000000e+000
  3.0400000e+003  2.7272391e+002  0.0000000e+000
  3.0500000e+003  3.1686455e+002  0.0000000e+000
  3.0600000e+003  3.3433952e+002  0.0000000e+000
  3.0700000e+003  2.6993256e+002  0.0000000e+000
  3.0800000e+003  2.2795992e+002  0.0000000e+000
  3.0900000e+003  2.1237341e+002  0.0000000e+000
  3.1000000e+003  2.3663076e+002  0.0000000e+000
  3.1100000e+003  2.5329371e+002  0.0000000e+000
  3.1200000e+003  2.5948534e+002  0.0000000e+000
  3.1300000e+003  1.9795648e+002  0.0000000e+000
  3.1400000e+003  2.6660991e+002  0.0000000e+000
  3.1500000e+003  2.4225117e+002  0.0000000e+000
  3.1600000e+003  3.0288157e+002  0.0000000e+000
  3.1700000e+003  3.4314418e+002  0.0000000e+000
  3.1800000e+003  3.5809905e+002  0.0000000e+000
  3.1900000e+003  3.4192504e+002  0.0000000e+000
  3.2000000e+003  3.3038156e+002  0.0000000e+000
  3.2100000e+003  3.2609038e+002  0.0000000e+000
  3.2200000e+003  3.5433736e+002  0.0000000e+000
  3.2300000e+003  3.7242510e+002  0.0000000e+000
  3.2400000e+003  3.7914053e+002  0.0000000e+000
  3.2500000e+003  2.7113712e+002  0.0000000e+000
  3.2600000e+003  2.9839980e+002  0.0000000e+000
  3.2700000e+003  3.0866975e+002  0.0000000e+000
  3.2800000e+003  3.1249482e+002  0.0000000e+000
  3.2900000e+003  3.1391395e+002  0.0000000e+000
  3.3000000e+003  3.1443612e+002  0.0000000e+000
  3.3100000e+003  3.2135197e+002  0.0000000e+000
  3.3200000e+003  3.2563116e+002  0.0000000e+000
  3.3300000e+003  3.2721921e+002  0.0000000e+000
  3.3400000e+003  2.9244683e+002  0.0000000e+000
  3.3500000e+003  2.7053139e+002  0.0000000e+000
  3.3600000e+003  2.6239645e+002  0.0000000e+000
  3.3700000e+003  2.7130451e+002  0.0000000e+000
  3.3800000e+003  2.7765259e+002  0.0000000e+000
  3.3900000e+003  2.8001238e+002  0.0000000e+000
  3.4000000e+003  2.2648728e+002  0.0000000e+000
  3.4100000e+003  1.9276087e+002  0.0000000e+000
  3.4200000e+003  3.0249500e+002  0.0000000e+000
  3.4300000e+003  3.3027147e+002  0.0000000e+000
  3.4400000e+003  3.4964669e+002  0.0000000e+000
  3.4500000e+003  3.5684742e+002  0.0000000e+000
  3.4600000e+003  2.7519909e+002  0.0000000e+000
  3.4700000e+003  3.1267479e+002  0.0000000e+000
  3.4800000e+003  3.2687594e+002  0.0000000e+000
  3.4900000e+003  3.1909881e+002  0.0000000e+000
  3.5000000e+003  3.1288267e+002  0.0000000e+000
  3.5100000e+003  3.1056915e+002  0.0000000e+000
  3.5200000e+003  2.9362655e+002  0.0000000e+000
  3.5300000e+003  2.8324152e+002  0.0000000e+000
  3.5400000e+003  2.7938800e+002  0.0000000e+000
  3.5500000e+003  2.1898874e+002  0.0000000e+000
  3.5600000e+003  3.0238129e+002  0.0000000e+000
  3.5700000e+003  2.8137937e+002  0.0000000e+000
  3.5800000e+003  3.6509382e+002  0.0000000e+000
  3.5900000e+003  2.9235318e+002  0.0000000e+000
  3.6000000e+003  2.6215903e+002  0.0000000e+000
  3.6100000e+003  2.8590487e+002  0.0000000e+000
  3.6200000e+003  2.1238891e+002  0.0000000e+000
  3.6300000e+003  3.0987161e+002  0.0000000e+000
  3.6400000e+003  2.2555727e+002  0.0000000e+000
  3.6500000e+003  1.7786965e+002  0.0000000e+000
  3.6600000e+003  1.6019507e+002  0.0000000e+000
  3.6700000e+003  2.0969635e+002  0.0000000e+000
  3.6800000e+003  2.4235814e+002  0.0000000e+000
  3.6900000e+003  2.5448889e+002  0.0000000e+000
  3.7000000e+003  2.6719989e+002  0.0000000e+000
  3.7100000e+003  3.2221473e+002  0.0000000e+000
  3.7200000e+003  3.4708026e+002  0.0000000e+000
  3.7300000e+003  2.1588249e+002  0.0000000e+000
  3.7400000e+003  2.2732109e+002  0.0000000e+000
  3.7500000e+003  1.7306158e+002  0.0000000e+000
  3.7600000e+003  7.5543157e+001  0.0000000e+000
  3.7700000e+003  7.5000003e+001  0.0000000e+000
  3.7800000e+003  7.5000000e+001  0.0000000e+000
  3.7900000e+003  7.5000000e+001  0.0000000e+000
  3.8000000e+003  7.5000000e+001  0.0000000e+000
  3.8100000e+003  7.5000000e+001  0.0000000e+000
  3.8200000e+003  7.5000000e+001  0.0000000e+000
  3.8300000e+003  7.5000000e+001  0.0000000e+000
  3.8400000e+003  7.5000000e+001  0.0000000e+000
  3.8500000e+003  7.5000000e+001  0.0000000e+000
  3.8600000e+003  7.5000000e+001  0.0000000e+000
  3.8700000e+003  7.5000000e+001  0.0000000e+000
  3.8800000e+003  7.5000000e+001  0.0000000e+000
  3.8900000e+003  7.5000000e+001  0.0000000e+000
  3.9000000e+003  7.5000000e+001  0.0000000e+000
  3.9100000e+003  2.8644110e+002  0.0000000e+000
  3.9200000e+003  2.5999903e+002  0.0000000e+000
  3.9300000e+003  2.9227837e+002  0.0000000e+000
  3.9400000e+003  2.5548913e+002  0.0000000e+000
  3.9500000e+003  2.2920631e+002  0.0000000e+000
  3.9600000e+003  2.1943582e+002  0.0000000e+000
  3.9700000e+003  2.0200027e+002  0.0000000e+000
  3.9800000e+003  1.9201470e+002  0.0000000e+000
  3.9900000e+003  2.6271634e+002  0.0000000e+000
  4.0000000e+003  3.0333803e+002  0.0000000e+000
  4.0100000e+003  2.8989918e+002  0.0000000e+000
  4.0200000e+003  2.8491386e+002  0.0000000e+000
  4.0300000e+003  1.4161118e+002  0.0000000e+000
  4.0400000e+003  7.5002672e+001  0.0000000e+000
  4.0500000e+003  7.5000000e+001  0.0000000e+000
  4.0600000e+003  2.5005685e+002  0.0000000e+000
  4.0700000e+003  3.9787613e+002  0.0000000e+000
  4.0800000e+003  2.6168479e+002  0.0000000e+000
  4.0900000e+003  1.9638619e+002  0.0000000e+000
  4.1000000e+003  2.6383939e+002  0.0000000e+000
  4.1100000e+003  2.3564233e+002  0.0000000e+000
  4.1200000e+003  1.5059308e+002  0.0000000e+000
  4.1300000e+003  7.5916263e+001  0.0000000e+000
  4.1400000e+003  7.5000006e+001  0.0000000e+000
  4.1500000e+003  7.5000000e+001  0.0000000e+000
  4.1600000e+003  7.5000000e+001  0.0000000e+000
  4.1700000e+003  7.5000000e+001  0.0000000e+000
  4.1800000e+003  7.5000000e+001  0.0000000e+000
  4.1900000e+003  1.8750962e+002  0.0000000e+000
  4.2000000e+003  2.1374809e+002  0.0000000e+000
  4.2100000e+003  3.8383796e+002  0.0000000e+000
  4.2200000e+003  2.8197582e+002  0.0000000e+000
  4.2300000e+003  3.0427077e+002  0.0000000e+000
  4.2400000e+003  2.3254970e+002  0.0000000e+000
  4.2500000e+003  3.0490740e+002  0.0000000e+000
  4.2600000e+003  2.9078362e+002  0.0000000e+000
  4.2700000e+003  3.1829348e+002  0.0000000e+000
  4.2800000e+003  3.3837984e+002  0.0000000e+000
  4.2900000e+003  3.4584861e+002  0.0000000e+000
  4.3000000e+003  2.6583790e+002  0.0000000e+000
  4.3100000e+003  2.1504858e+002  0.0000000e+000
  4.3200000e+003  1.9619408e+002  0.0000000e+000
  4.3300000e+003  2.8683937e+002  0.0000000e+000
  4.3400000e+003  3.4536605e+002  0.0000000e+000
  4.3500000e+003  3.6709744e+002  0.0000000e+000
  4.3600000e+003  1.8459734e+002  0.0000000e+000
  4.3700000e+003  7.5067640e+001  0.0000000e+000
  4.3800000e+003  7.5000000e+001  0.0000000e+000
  4.3900000e+003  1.9369721e+002  0.0000000e+000
  4.4000000e+003  3.0454444e+002  0.0000000e+000
  4.4100000e+003  3.4542332e+002  0.0000000e+000
  4.4200000e+003  3.2523141e+002  0.0000000e+000
  4.4300000e+003  3.0871174e+002  0.0000000e+000
  4.4400000e+003  3.0256206e+002  0.0000000e+000
  4.4500000e+003  2.4323795e+002  0.0000000e+000
  4.4600000e+003  2.0668979e+002  0.0000000e+000
  4.4700000e+003  1.9312715e+002  0.0000000e+000
  4.4800000e+003  2.1891020e+002  0.0000000e+000
  4.4900000e+003  2.3633596e+002  0.0000000e+000
  4.5000000e+003  2.4280980e+002  0.0000000e+000
  4.5100000e+003  3.5693841e+002  0.0000000e+000
  4.5200000e+003  2.4985608e+002  0.0000000e+000
  4.5300000e+003  2.6245213e+002  0.0000000e+000
  4.5400000e+003  1.9571629e+002  0.0000000e+000
  4.5500000e+003  2.6382832e+002  0.0000000e+000
  4.5600000e+003  2.3606988e+002  0.0000000e+000
  4.5700000e+003  2.9466926e+002  0.0000000e+000
  4.5800000e+003  3.3398330e+002  0.0000000e+000
  4.5900000e+003  3.4858761e+002  0.0000000e+000
  4.6000000e+003  1.7824322e+002  0.0000000e+000
  4.6100000e+003  7.5059380e+001  0.0000000e+000
  4.6200000e+003  7.5000000e+001  0.0000000e+000
  4.6300000e+003  2.1435196e+002  0.0000000e+000
  4.6400000e+003  3.3396988e+002  0.0000000e+000
  4.6500000e+003  3.7826936e+002  0.0000000e+000
  4.6600000e+003  2.5790026e+002  0.0000000e+000
  4.6700000e+003  2.7945472e+002  0.0000000e+000
  4.6800000e+003  2.8757600e+002  0.0000000e+000
  4.6900000e+003  2.8986738e+002  0.0000000e+000
  4.7000000e+003  1.9100559e+002  0.0000000e+000
  4.7100000e+003  1.4690075e+002  0.0000000e+000
  4.7200000e+003  7.5840979e+001  0.0000000e+000
  4.7300000e+003  7.5000005e+001  0.0000000e+000
  4.7400000e+003  7.5000000e+001  0.0000000e+000
  4.7500000e+003  7.5000000e+001  0.0000000e+000
  4.7600000e+003  7.5000000e+001  0.0000000e+000
  4.7700000e+003  7.5000000e+001  0.0000000e+000
  4.7800000e+003  1.9318863e+002  0.0000000e+000
  4.7900000e+003  2.7661402e+002  0.0000000e+000
  4.8000000e+003  3.0744678e+002  0.0000000e+000
  4.8100000e+003  2.0237673e+002  0.0000000e+000
  4.8200000e+003  1.3368410e+002  0.0000000e+000
  4.8300000e+003  9.8460309e+001  0.0000000e+000
  4.8400000e+003  1.4910927e+002  0.0000000e+000
  4.8500000e+003  1.8171844e+002  0.0000000e+000
  4.8600000e+003  1.9279104e+002  0.0000000e+000
  4.8700000e+003  7.9235898e+001  0.0000000e+000
  4.8800000e+003  7.5000026e+001  0.0000000e+000
  4.8900000e+003  7.5000000e+001  0.0000000e+000
  4.9000000e+003  1.9457813e+002  0.0000000e+000
  4.9100000e+003  3.1152941e+002  0.0000000e+000
  4.9200000e+003  3.5465826e+002  0.0000000e+000
  4.9300000e+003  2.2673809e+002  0.0000000e+000
  4.9400000e+003  1.4257570e+002  0.0000000e+000
  4.9500000e+003  1.1131845e+002  0.0000000e+000
  4.9600000e+003  2.3102504e+002  0.0000000e+000
  4.9700000e+003  3.0891929e+002  0.0000000e+000
  4.9800000e+003  3.3784475e+002  0.0000000e+000
  4.9900000e+003  3.3941393e+002  0.0000000e+000
  5.0000000e+003  3.3764983e+002  0.0000000e+000
  5.0100000e+003  3.3698220e+002  0.0000000e+000
  5.0200000e+003  2.6229594e+002  0.0000000e+000
  5.0300000e+003  2.1561182e+002  0.0000000e+000
  5.0400000e+003  1.9828464e+002  0.0000000e+000
  5.0500000e+003  2.2939500e+002  0.0000000e+000
  5.0600000e+003  2.5051264e+002  0.0000000e+000
  5.0700000e+003  2.5835845e+002  0.0000000e+000
  5.0800000e+003  2.1118938e+002  0.0000000e+000
  5.0900000e+003  1.8092047e+002  0.0000000e+000
  5.1000000e+003  1.6968224e+002  0.0000000e+000
  5.1100000e+003  1.6185802e+002  0.0000000e+000
  5.1200000e+003  1.5802768e+002  0.0000000e+000
  5.1300000e+003  1.5661099e+002  0.0000000e+000
  5.1400000e+003  2.7784654e+002  0.0000000e+000
  5.1500000e+003  3.5386462e+002  0.0000000e+000
  5.1600000e+003  3.8208044e+002  0.0000000e+000
  5.1700000e+003  3.0361494e+002  0.0000000e+000
  5.1800000e+003  2.5182305e+002  0.0000000e+000
  5.1900000e+003  2.3258720e+002  0.0000000e+000
  5.2000000e+003  1.3401125e+002  0.0000000e+000
  5.2100000e+003  7.5004721e+001  0.0000000e+000
  5.2200000e+003  7.5000000e+001  0.0000000e+000
  5.2300000e+003  2.5766666e+002  0.0000000e+000
  5.2400000e+003  3.8865060e+002  0.0000000e+000
  5.2500000e+003  2.5281165e+002  0.0000000e+000
  5.2600000e+003  2.4444476e+002  0.0000000e+000
  5.2700000e+003  1.2028829e+002  0.0000000e+000
  5.2800000e+003  7.5000866e+001  0.0000000e+000
  5.2900000e+003  1.7418634e+002  0.0000000e+000
  5.3000000e+003  2.4265884e+002  0.0000000e+000
  5.3100000e+003  2.6779400e+002  0.0000000e+000
  5.3200000e+003  1.7529337e+002  0.0000000e+000
  5.3300000e+003  1.1500908e+002  0.0000000e+000
  5.3400000e+003  7.5001457e+001  0.0000000e+000
  5.3500000e+003  7.5000000e+001  0.0000000e+000
  5.3600000e+003  1.5079314e+002  0.0000000e+000
  5.3700000e+003  1.5973910e+002  0.0000000e+000
  5.3800000e+003  2.1995276e+002  0.0000000e+000
  5.3900000e+003  2.5680380e+002  0.0000000e+000
  5.4000000e+003  2.7047766e+002  0.0000000e+000
  5.4100000e+003  3.2786128e+002  0.0000000e+000
  5.4200000e+003  3.6248053e+002  0.0000000e+000
  5.4300000e+003  3.7532388e+002  0.0000000e+000
  5.4400000e+003  2.6838814e+002  0.0000000e+000
  5.4500000e+003  2.0023570e+002  0.0000000e+000
  5.4600000e+003  1.7493424e+002  0.0000000e+000
  5.4700000e+003  2.1999416e+002  0.0000000e+000
  5.4800000e+003  2.5060019e+002  0.0000000e+000
  5.4900000e+003  2.6197131e+002  0.0000000e+000
  5.5000000e+003  2.2137631e+002  0.0000000e+000
  5.5100000e+003  1.9488753e+002  0.0000000e+000
  5.5200000e+003  1.8505078e+002  0.0000000e+000
  5.5300000e+003  2.0054324e+002  0.0000000e+000
  5.5400000e+003  2.1117418e+002  0.0000000e+000
  5.5500000e+003  2.1512439e+002  0.0000000e+000
  5.5600000e+003  1.1949640e+002  0.0000000e+000
  5.5700000e+003  7.5000469e+001  0.0000000e+000
  5.5800000e+003  7.5000000e+001  0.0000000e+000
  5.5900000e+003  7.5000000e+001  0.0000000e+000
  5.6000000e+003  1.6410439e+002  0.0000000e+000
  5.6100000e+003  1.8281600e+002  0.0000000e+000
  5.6200000e+003  3.1970358e+002  0.0000000e+000
  5.6300000e+003  4.0361108e+002  0.0000000e+000
  5.6400000e+003  2.5130824e+002  0.0000000e+000
  5.6500000e+003  2.5856151e+002  0.0000000e+000
  5.6600000e+003  1.4695349e+002  0.0000000e+000
  5.6700000e+003  7.9505928e+001  0.0000000e+000
  5.6800000e+003  7.5000028e+001  0.0000000e+000
  5.6900000e+003  7.5000000e+001  0.0000000e+000
  5.7000000e+003  7.5000000e+001  0.0000000e+000
  5.7100000e+003  2.3948513e+002  0.0000000e+000
  5.7200000e+003  3.8272474e+002  0.0000000e+000
  5.7300000e+003  2.5205908e+002  0.0000000e+000
  5.7400000e+003  2.4427340e+002  0.0000000e+000
  5.7500000e+003  2.3657207e+002  0.0000000e+000
  5.7600000e+003  2.3369997e+002  0.0000000e+000
  5.7700000e+003  2.1502344e+002  0.0000000e+000
  5.7800000e+003  2.0360616e+002  0.0000000e+000
  5.7900000e+003  1.9936975e+002  0.0000000e+000
  5.8000000e+003  1.7132562e+002  0.0000000e+000
  5.8100000e+003  7.5027497e+001  0.0000000e+000
  5.8200000e+003  7.5000000e+001  0.0000000e+000
  5.8300000e+003  2.4097329e+002  0.0000000e+000
  5.8400000e+003  3.8126714e+002  0.0000000e+000
  5.8500000e+003  2.5068360e+002  0.0000000e+000
  5.8600000e+003  2.7734556e+002  0.0000000e+000
  5.8700000e+003  1.7852380e+002  0.0000000e+000
  5.8800000e+003  1.4096963e+002  0.0000000e+000
  5.8900000e+003  7.5074991e+001  0.0000000e+000
  5.9000000e+003  7.5000000e+001  0.0000000e+000
  5.9100000e+003  7.5000000e+001  0.0000000e+000
  5.9200000e+003  7.5000000e+001  0.0000000e+000
  5.9300000e+003  7.5000000e+001  0.0000000e+000
  5.9400000e+003  7.5000000e+001  0.0000000e+000
  5.9500000e+003  1.8530042e+002  0.0000000e+000
  5.9600000e+003  2.3986129e+002  0.0000000e+000
  5.9700000e+003  2.6005734e+002  0.0000000e+000
  5.9800000e+003  2.9127308e+002  0.0000000e+000
  5.9900000e+003  3.0889414e+002  0.0000000e+000
  6.0000000e+003  3.1542547e+002  0.0000000e+000
  6.0100000e+003  2.8274105e+002  0.0000000e+000
  6.0200000e+003  2.6166318e+002  0.0000000e+000
  6.0300000e+003  2.5383693e+002  0.0000000e+000
  6.0400000e+003  2.1244890e+002  0.0000000e+000
  6.0500000e+003  1.8728641e+002  0.0000000e+000
  6.0600000e+003  1.7795048e+002  0.0000000e+000
  6.0700000e+003  3.4043865e+002  0.0000000e+000
  6.0800000e+003  2.5673492e+002  0.0000000e+000
  6.0900000e+003  2.7809917e+002  0.0000000e+000
  6.1000000e+003  2.8900859e+002  0.0000000e+000
  6.1100000e+003  1.8100740e+002  0.0000000e+000
  6.1200000e+003  1.3728493e+002  0.0000000e+000
  6.1300000e+003  1.8162517e+002  0.0000000e+000
  6.1400000e+003  2.1352970e+002  0.0000000e+000
  6.1500000e+003  2.2539096e+002  0.0000000e+000
  6.1600000e+003  1.6322076e+002  0.0000000e+000
  6.1700000e+003  1.2318111e+002  0.0000000e+000
  6.1800000e+003  1.0831455e+002  0.0000000e+000
  6.1900000e+003  1.9435766e+002  0.0000000e+000
  6.2000000e+003  2.4962511e+002  0.0000000e+000
  6.2100000e+003  2.7014503e+002  0.0000000e+000
  6.2200000e+003  1.3618808e+002  0.0000000e+000
  6.2300000e+003  7.5001656e+001  0.0000000e+000
  6.2400000e+003  7.5000000e+001  0.0000000e+000
  6.2500000e+003  1.6436095e+002  0.0000000e+000
  6.2600000e+003  2.6387942e+002  0.0000000e+000
  6.2700000e+003  2.9963906e+002  0.0000000e+000
  6.2800000e+003  1.7124601e+002  0.0000000e+000
  6.2900000e+003  7.5234789e+001  0.0000000e+000
  6.3000000e+003  7.5000001e+001  0.0000000e+000
  6.3100000e+003  1.5325208e+002  0.0000000e+000
  6.3200000e+003  2.2404552e+002  0.0000000e+000
  6.3300000e+003  2.4868988e+002  0.0000000e+000
  6.3400000e+003  1.4910095e+002  0.0000000e+000
  6.3500000e+003  7.5045712e+001  0.0000000e+000
  6.3600000e+003  7.5000000e+001  0.0000000e+000
  6.3700000e+003  7.5000000e+001  0.0000000e+000
  6.3800000e+003  7.5000000e+001  0.0000000e+000
  6.3900000e+003  7.5000000e+001  0.0000000e+000
  6.4000000e+003  7.5000000e+001  0.0000000e+000
  6.4100000e+003  7.5000000e+001  0.0000000e+000
  6.4200000e+003  7.5000000e+001  0.0000000e+000
  6.4300000e+003  7.5000000e+001  0.0000000e+000
  6.4400000e+003  7.5000000e+001  0.0000000e+000
  6.4500000e+003  7.5000000e+001  0.0000000e+000
  6.4600000e+003  1.9870186e+002  0.0000000e+000
  6.4700000e+003  2.8427236e+002  0.0000000e+000
  6.4800000e+003  3.1593359e+002  0.0000000e+000
  6.4900000e+003  3.5953005e+002  0.0000000e+000
  6.5000000e+003  3.8381190e+002  0.0000000e+000
  6.5100000e+003  3.9281038e+002  0.0000000e+000
  6.5200000e+003  2.9815760e+002  0.0000000e+000
  6.5300000e+003  3.4213761e+002  0.0000000e+000
  6.5400000e+003  3.5846567e+002  0.0000000e+000
  6.5500000e+003  3.0524922e+002  0.0000000e+000
  6.5600000e+003  2.7038983e+002  0.0000000e+000
  6.5700000e+003  2.5744401e+002  0.0000000e+000
  6.5800000e+003  2.1987064e+002  0.0000000e+000
  6.5900000e+003  7.5555203e+001  0.0000000e+000
  6.6000000e+003  7.5000003e+001  0.0000000e+000
  6.6100000e+003  7.5000000e+001  0.0000000e+000
  6.6200000e+003  7.5000000e+001  0.0000000e+000
  6.6300000e+003  7.5000000e+001  0.0000000e+000
  6.6400000e+003  1.4703939e+002  0.0000000e+000
  6.6500000e+003  2.1697293e+002  0.0000000e+000
  6.6600000e+003  2.4056302e+002  0.0000000e+000
  6.6700000e+003  1.2167874e+002  0.0000000e+000
  6.6800000e+003  7.5000437e+001  0.0000000e+000
  6.6900000e+003  7.5000000e+001  0.0000000e+000
  6.7000000e+003  7.5000000e+001  0.0000000e+000
  6.7100000e+003  1.7799583e+002  0.0000000e+000
  6.7200000e+003  2.0170034e+002  0.0000000e+000
  6.7300000e+003  1.7855054e+002  0.0000000e+000
  6.7400000e+003  1.6181084e+002  0.0000000e+000
  6.7500000e+003  1.5558713e+002  0.0000000e+000
  6.7600000e+003  2.5844579e+002  0.0000000e+000
  6.7700000e+003  3.2341786e+002  0.0000000e+000
  6.7800000e+003  3.4753593e+002  0.0000000e+000
  6.7900000e+003  3.8213426e+002  0.0000000e+000
  6.8000000e+003  4.0150017e+002  0.0000000e+000
  6.8100000e+003  4.0867738e+002  0.0000000e+000
  6.8200000e+003  2.6015436e+002  0.0000000e+000
  6.8300000e+003  2.7471503e+002  0.0000000e+000
  6.8400000e+003  2.8012223e+002  0.0000000e+000
  6.8500000e+003  2.0985531e+002  0.0000000e+000
  6.8600000e+003  2.8604738e+002  0.0000000e+000
  6.8700000e+003  2.5749892e+002  0.0000000e+000
  6.8800000e+003  2.4325625e+002  0.0000000e+000
  6.8900000e+003  2.3705447e+002  0.0000000e+000
  6.9000000e+003  2.3476529e+002  0.0000000e+000
  6.9100000e+003  2.7901971e+002  0.0000000e+000
  6.9200000e+003  3.1472659e+002  0.0000000e+000
  6.9300000e+003  3.4033539e+002  0.0000000e+000
  6.9400000e+003  3.7511017e+002  0.0000000e+000
  6.9500000e+003  3.9444496e+002  0.0000000e+000
  6.9600000e+003  4.0160996e+002  0.0000000e+000
  6.9700000e+003  2.5858555e+002  0.0000000e+000
  6.9800000e+003  2.9020160e+002  0.0000000e+000
  6.9900000e+003  2.3337833e+002  0.0000000e+000
  7.0000000e+003  2.7316006e+002  0.0000000e+000
  7.0100000e+003  3.0355977e+002  0.0000000e+000
  7.0200000e+003  3.1486881e+002  0.0000000e+000
  7.0300000e+003  1.9187462e+002  0.0000000e+000
  7.0400000e+003  1.1381652e+002  0.0000000e+000
  7.0500000e+003  7.5000482e+001  0.0000000e+000
  7.0600000e+003  1.8788116e+002  0.0000000e+000
  7.0700000e+003  2.5552096e+002  0.0000000e+000
  7.0800000e+003  2.8054969e+002  0.0000000e+000
  7.0900000e+003  3.7228228e+002  0.0000000e+000
  7.1000000e+003  2.4835243e+002  0.0000000e+000
  7.1100000e+003  2.5880993e+002  0.0000000e+000
  7.1200000e+003  2.9322401e+002  0.0000000e+000
  7.1300000e+003  2.0691361e+002  0.0000000e+000
  7.1400000e+003  1.7205153e+002  0.0000000e+000
  7.1500000e+003  2.4152840e+002  0.0000000e+000
  7.1600000e+003  2.8832517e+002  0.0000000e+000
  7.1700000e+003  3.0570996e+002  0.0000000e+000
  7.1800000e+003  3.0129212e+002  0.0000000e+000
  7.1900000e+003  2.9687633e+002  0.0000000e+000
  7.2000000e+003  2.9522961e+002  0.0000000e+000
  7.2100000e+003  2.1971028e+002  0.0000000e+000
  7.2200000e+003  1.7259768e+002  0.0000000e+000
  7.2300000e+003  1.5511190e+002  0.0000000e+000
  7.2400000e+003  1.5831923e+002  0.0000000e+000
  7.2500000e+003  1.6198689e+002  0.0000000e+000
  7.2600000e+003  1.6335597e+002  0.0000000e+000
  7.2700000e+003  2.7493864e+002  0.0000000e+000
  7.2800000e+003  3.5307437e+002  0.0000000e+000
  7.2900000e+003  3.9001364e+002  0.0000000e+000
  7.3000000e+003  2.1430923e+002  0.0000000e+000
  7.3100000e+003  1.7442581e+002  0.0000000e+000
  7.3200000e+003  7.7781497e+001  0.0000000e+000
  7.3300000e+003  7.5000017e+001  0.0000000e+000
  7.3400000e+003  1.5833524e+002  0.0000000e+000
  7.3500000e+003  1.6807147e+002  0.0000000e+000
  7.3600000e+003  7.5738939e+001  0.0000000e+000
  7.3700000e+003  7.5000005e+001  0.0000000e+000
  7.3800000e+003  7.5000000e+001  0.0000000e+000
  7.3900000e+003  9.9185885e+001  0.0000000e+000
  7.4000000e+003  2.1748307e+002  0.0000000e+000
  7.4100000e+003  2.4735177e+002  0.0000000e+000
  7.4200000e+003  3.1423260e+002  0.0000000e+000
  7.4300000e+003  3.5325876e+002  0.0000000e+000
  7.4400000e+003  3.6773059e+002  0.0000000e+000
  7.4500000e+003  2.6814480e+002  0.0000000e+000
  7.4600000e+003  2.0443823e+002  0.0000000e+000
  7.4700000e+003  1.8078619e+002  0.0000000e+000
  7.4800000e+003  2.7107133e+002  0.0000000e+000
  7.4900000e+003  3.2982806e+002  0.0000000e+000
  7.5000000e+003  3.5164698e+002  0.0000000e+000
  7.5100000e+003  2.3840991e+002  0.0000000e+000
  7.5200000e+003  1.6546117e+002  0.0000000e+000
  7.5300000e+003  1.3837550e+002  0.0000000e+000
  7.5400000e+003  3.5456024e+002  0.0000000e+000
  7.5500000e+003  2.8467049e+002  0.0000000e+000
  7.5600000e+003  3.1424055e+002  0.0000000e+000
  7.5700000e+003  2.3983158e+002  0.0000000e+000
  7.5800000e+003  1.9844465e+002  0.0000000e+000
  7.5900000e+003  2.9774227e+002  0.0000000e+000
  7.6000000e+003  3.7798804e+002  0.0000000e+000
  7.6100000e+003  2.4969439e+002  0.0000000e+000
  7.6200000e+003  2.6069503e+002  0.0000000e+000
  7.6300000e+003  3.5694729e+002  0.0000000e+000
  7.6400000e+003  4.0624802e+002  0.0000000e+000
  7.6500000e+003  2.6101257e+002  0.0000000e+000
  7.6600000e+003  1.9766671e+002  0.0000000e+000
  7.6700000e+003  2.6311859e+002  0.0000000e+000
  7.6800000e+003  2.3763881e+002  0.0000000e+000
  7.6900000e+003  2.8704545e+002  0.0000000e+000
  7.7000000e+003  3.2038932e+002  0.0000000e+000
  7.7100000e+003  3.3277670e+002  0.0000000e+000
  7.7200000e+003  2.6629458e+002  0.0000000e+000
  7.7300000e+003  2.2350608e+002  0.0000000e+000
  7.7400000e+003  2.0761901e+002  0.0000000e+000
  7.7500000e+003  2.8515752e+002  0.0000000e+000
  7.7600000e+003  2.4166486e+002  0.0000000e+000
  7.7700000e+003  2.2548155e+002  0.0000000e+000
  7.7800000e+003  1.4996862e+002  0.0000000e+000
  7.7900000e+003  7.8372948e+001  0.0000000e+000
  7.8000000e+003  7.5000021e+001  0.0000000e+000
  7.8100000e+003  1.1307623e+002  0.0000000e+000
  7.8200000e+003  1.7811278e+002  0.0000000e+000
  7.8300000e+003  1.9146760e+002  0.0000000e+000
  7.8400000e+003  3.7159774e+002  0.0000000e+000
  7.8500000e+003  2.7924656e+002  0.0000000e+000
  7.8600000e+003  3.0314893e+002  0.0000000e+000
  7.8700000e+003  2.9253901e+002  0.0000000e+000
  7.8800000e+003  2.8362764e+002  0.0000000e+000
  7.8900000e+003  2.8030942e+002  0.0000000e+000
  7.9000000e+003  2.6474077e+002  0.0000000e+000
  7.9100000e+003  1.3175059e+002  0.0000000e+000
  7.9200000e+003  7.5006599e+001  0.0000000e+000
  7.9300000e+003  1.5568460e+002  0.0000000e+000
  7.9400000e+003  2.1154901e+002  0.0000000e+000
  7.9500000e+003  2.3125682e+002  0.0000000e+000
  7.9600000e+003  1.1674608e+002  0.0000000e+000
  7.9700000e+003  7.5000256e+001  0.0000000e+000
  7.9800000e+003  7.5000000e+001  0.0000000e+000
  7.9900000e+003  1.8298126e+002  0.0000000e+000
  8.0000000e+003  2.9231017e+002  0.0000000e+000
  8.0100000e+003  3.3240970e+002  0.0000000e+000
  8.0200000e+003  2.6650859e+002  0.0000000e+000
  8.0300000e+003  2.7450589e+002  0.0000000e+000
  8.0400000e+003  2.8576125e+002  0.0000000e+000
  8.0500000e+003  2.8995794e+002  0.0000000e+000
  8.0600000e+003  1.8727184e+002  0.0000000e+000
  8.0700000e+003  1.4296214e+002  0.0000000e+000
  8.0800000e+003  7.5042640e+001  0.0000000e+000
  8.0900000e+003  7.5000000e+001  0.0000000e+000
  8.1000000e+003  7.5000000e+001  0.0000000e+000
  8.1100000e+003  1.6373976e+002  0.0000000e+000
  8.1200000e+003  2.6737613e+002  0.0000000e+000
  8.1300000e+003  3.0461172e+002  0.0000000e+000
  8.1400000e+003  3.0084889e+002  0.0000000e+000
  8.1500000e+003  3.7634507e+002  0.0000000e+000
  8.1600000e+003  4.0448434e+002  0.0000000e+000
  8.1700000e+003  2.9086749e+002  0.0000000e+000
  8.1800000e+003  2.1708100e+002  0.0000000e+000
  8.1900000e+003  1.8968159e+002  0.0000000e+000
  8.2000000e+003  2.9163199e+002  0.0000000e+000
  8.2100000e+003  2.7327718e+002  0.0000000e+000
  8.2200000e+003  2.6648525e+002  0.0000000e+000
  8.2300000e+003  2.6282949e+002  0.0000000e+000
  8.2400000e+003  2.6118608e+002  0.0000000e+000
  8.2500000e+003  2.6057913e+002  0.0000000e+000
  8.2600000e+003  3.1460703e+002  0.0000000e+000
  8.2700000e+003  3.4848172e+002  0.0000000e+000
  8.2800000e+003  3.6105507e+002  0.0000000e+000
  8.2900000e+003  2.6433702e+002  0.0000000e+000
  8.3000000e+003  2.9748197e+002  0.0000000e+000
  8.3100000e+003  3.1000644e+002  0.0000000e+000
  8.3200000e+003  2.8848698e+002  0.0000000e+000
  8.3300000e+003  2.7382845e+002  0.0000000e+000
  8.3400000e+003  2.6838216e+002  0.0000000e+000
  8.3500000e+003  2.8230829e+002  0.0000000e+000
  8.3600000e+003  2.3500587e+002  0.0000000e+000
  8.3700000e+003  2.0245181e+002  0.0000000e+000
  8.3800000e+003  2.0753891e+002  0.0000000e+000
  8.3900000e+003  2.1381379e+002  0.0000000e+000
  8.4000000e+003  2.1615728e+002  0.0000000e+000
  8.4100000e+003  2.3541437e+002  0.0000000e+000
  8.4200000e+003  2.4724522e+002  0.0000000e+000
  8.4300000e+003  2.5163537e+002  0.0000000e+000
  8.4400000e+003  1.6485633e+002  0.0000000e+000
  8.4500000e+003  1.1012290e+002  0.0000000e+000
  8.4600000e+003  7.5000228e+001  0.0000000e+000
  8.4700000e+003  2.4388297e+002  0.0000000e+000
  8.4800000e+003  3.4229881e+002  0.0000000e+000
  8.4900000e+003  3.7882552e+002  0.0000000e+000
  8.5000000e+003  3.1229816e+002  0.0000000e+000
  8.5100000e+003  2.6718950e+002  0.0000000e+000
  8.5200000e+003  2.5043054e+002  0.0000000e+000
  8.5300000e+003  3.5629275e+002  0.0000000e+000
  8.5400000e+003  2.5084399e+002  0.0000000e+000
  8.5500000e+003  2.5973231e+002  0.0000000e+000
  8.5600000e+003  2.9149186e+002  0.0000000e+000
  8.5700000e+003  2.3345911e+002  0.0000000e+000
  8.5800000e+003  2.0205652e+002  0.0000000e+000
  8.5900000e+003  3.3863998e+002  0.0000000e+000
  8.6000000e+003  2.5221053e+002  0.0000000e+000
  8.6100000e+003  2.6587462e+002  0.0000000e+000
  8.6200000e+003  2.3097134e+002  0.0000000e+000
  8.6300000e+003  7.6014760e+001  0.0000000e+000
  8.6400000e+003  7.5000006e+001  0.0000000e+000
  8.6500000e+003  2.6559751e+002  0.0000000e+000
  8.6600000e+003  2.8713912e+002  0.0000000e+000
  8.6700000e+003  2.7381872e+002  0.0000000e+000
  8.6800000e+003  2.3913895e+002  0.0000000e+000
  8.6900000e+003  7.6551891e+001  0.0000000e+000
  8.7000000e+003  7.5000010e+001  0.0000000e+000
  8.7100000e+003  7.5000000e+001  0.0000000e+000
  8.7200000e+003  7.5000000e+001  0.0000000e+000
  8.7300000e+003  7.5000000e+001  0.0000000e+000
  8.7400000e+003  7.5000000e+001  0.0000000e+000
  8.7500000e+003  1.9005001e+002  0.0000000e+000
  8.7600000e+003  2.1071998e+002  0.0000000e+000
  8.7700000e+003  8.9031507e+001  0.0000000e+000
  8.7800000e+003  7.5000086e+001  0.0000000e+000
  8.7900000e+003  7.5000000e+001  0.0000000e+000
  8.8000000e+003  1.3942317e+002  0.0000000e+000
  8.8100000e+003  2.3803783e+002  0.0000000e+000
  8.8200000e+003  2.7052780e+002  0.0000000e+000
  8.8300000e+003  2.8881699e+002  0.0000000e+000
  8.8400000e+003  2.9717985e+002  0.0000000e+000
  8.8500000e+003  3.0026940e+002  0.0000000e+000
  8.8600000e+003  3.6362776e+002  0.0000000e+000
  8.8700000e+003  4.0299163e+002  0.0000000e+000
  8.8800000e+003  2.4452561e+002  0.0000000e+000
  8.8900000e+003  2.8257349e+002  0.0000000e+000
  8.9000000e+003  1.9976447e+002  0.0000000e+000
  8.9100000e+003  1.6831594e+002  0.0000000e+000
  8.9200000e+003  2.2282722e+002  0.0000000e+000
  8.9300000e+003  2.5993266e+002  0.0000000e+000
  8.9400000e+003  2.7371885e+002  0.0000000e+000
  8.9500000e+003  2.6505081e+002  0.0000000e+000
  8.9600000e+003  2.5831640e+002  0.0000000e+000
  8.9700000e+003  2.5581070e+002  0.0000000e+000
  8.9800000e+003  2.9156587e+002  0.0000000e+000
  8.9900000e+003  3.1418360e+002  0.0000000e+000
  9.0000000e+003  3.2257961e+002  0.0000000e+000
  9.0100000e+003  3.1987360e+002  0.0000000e+000
  9.0200000e+003  3.1738271e+002  0.0000000e+000
  9.0300000e+003  3.1645445e+002  0.0000000e+000
  9.0400000e+003  1.8568435e+002  0.0000000e+000
  9.0500000e+003  8.0754517e+001  0.0000000e+000
  9.0600000e+003  7.5000035e+001  0.0000000e+000
  9.0700000e+003  2.8393336e+002  0.0000000e+000
  9.0800000e+003  2.8033389e+002  0.0000000e+000
  9.0900000e+003  2.7079724e+002  0.0000000e+000
  9.1000000e+003  2.9196303e+002  0.0000000e+000
  9.1100000e+003  2.1307733e+002  0.0000000e+000
  9.1200000e+003  1.7547958e+002  0.0000000e+000
  9.1300000e+003  1.1914208e+002  0.0000000e+000
  9.1400000e+003  7.5002023e+001  0.0000000e+000
  9.1500000e+003  7.5000000e+001  0.0000000e+000
  9.1600000e+003  7.5000000e+001  0.0000000e+000
  9.1700000e+003  7.5000000e+001  0.0000000e+000
  9.1800000e+003  7.5000000e+001  0.0000000e+000
  9.1900000e+003  2.3163167e+002  0.0000000e+000
  9.2000000e+003  3.4156725e+002  0.0000000e+000
  9.2100000e+003  3.8233644e+002  0.0000000e+000
  9.2200000e+003  2.8856578e+002  0.0000000e+000
  9.2300000e+003  2.2600226e+002  0.0000000e+000
  9.2400000e+003  2.0276279e+002  0.0000000e+000
  9.2500000e+003  2.8239428e+002  0.0000000e+000
  9.2600000e+003  3.2654180e+002  0.0000000e+000
  9.2700000e+003  3.5674980e+002  0.0000000e+000
  9.2800000e+003  2.3314337e+002  0.0000000e+000
  9.2900000e+003  2.6446833e+002  0.0000000e+000
  9.3000000e+003  2.1298677e+002  0.0000000e+000
  9.3100000e+003  1.9860634e+002  0.0000000e+000
  9.3200000e+003  1.9449907e+002  0.0000000e+000
  9.3300000e+003  1.9299752e+002  0.0000000e+000
  9.3400000e+003  2.3682384e+002  0.0000000e+000
  9.3500000e+003  2.6439806e+002  0.0000000e+000
  9.3600000e+003  2.7463330e+002  0.0000000e+000
  9.3700000e+003  1.5069872e+002  0.0000000e+000
  9.3800000e+003  7.5015323e+001  0.0000000e+000
  9.3900000e+003  7.5000000e+001  0.0000000e+000
  9.4000000e+003  7.5000000e+001  0.0000000e+000
  9.4100000e+003  1.3965695e+002  0.0000000e+000
  9.4200000e+003  1.6135306e+002  0.0000000e+000
  9.4300000e+003  7.5480147e+001  0.0000000e+000
  9.4400000e+003  7.5000003e+001  0.0000000e+000
  9.4500000e+003  7.5000000e+001  0.0000000e+000
  9.4600000e+003  1.9527534e+002  0.0000000e+000
  9.4700000e+003  3.1362435e+002  0.0000000e+000
  9.4800000e+003  3.5727148e+002  0.0000000e+000
  9.4900000e+003  3.1340176e+002  0.0000000e+000
  9.5000000e+003  2.8179891e+002  0.0000000e+000
  9.5100000e+003  2.7004966e+002  0.0000000e+000
  9.5200000e+003  1.4293512e+002  0.0000000e+000
  9.5300000e+003  7.5005276e+001  0.0000000e+000
  9.5400000e+003  7.5000000e+001  0.0000000e+000
  9.5500000e+003  7.5000000e+001  0.0000000e+000
  9.5600000e+003  1.8993979e+002  0.0000000e+000
  9.5700000e+003  2.1266965e+002  0.0000000e+000
  9.5800000e+003  1.8360425e+002  0.0000000e+000
  9.5900000e+003  1.6325372e+002  0.0000000e+000
  9.6000000e+003  1.5569023e+002  0.0000000e+000
  9.6100000e+003  2.9626557e+002  0.0000000e+000
  9.6200000e+003  3.8497242e+002  0.0000000e+000
  9.6300000e+003  2.5477600e+002  0.0000000e+000
  9.6400000e+003  2.4743253e+002  0.0000000e+000
  9.6500000e+003  2.4930038e+002  0.0000000e+000
  9.6600000e+003  2.4998523e+002  0.0000000e+000
  9.6700000e+003  2.1745552e+002  0.0000000e+000
  9.6800000e+003  1.9702957e+002  0.0000000e+000
  9.6900000e+003  1.8944788e+002  0.0000000e+000
  9.7000000e+003  3.0951857e+002  0.0000000e+000
  9.7100000e+003  2.9936119e+002  0.0000000e+000
  9.7200000e+003  2.9559571e+002  0.0000000e+000
  9.7300000e+003  3.1905617e+002  0.0000000e+000
  9.7400000e+003  3.3409801e+002  0.0000000e+000
  9.7500000e+003  3.3968267e+002  0.0000000e+000
  9.7600000e+003  2.1582962e+002  0.0000000e+000
  9.7700000e+003  1.3777746e+002  0.0000000e+000
  9.7800000e+003  1.0880481e+002  0.0000000e+000
  9.7900000e+003  1.8893643e+002  0.0000000e+000
  9.8000000e+003  2.4197442e+002  0.0000000e+000
  9.8100000e+003  2.6164312e+002  0.0000000e+000
  9.8200000e+003  2.0766605e+002  0.0000000e+000
  9.8300000e+003  1.7201338e+002  0.0000000e+000
  9.8400000e+003  1.5877164e+002  0.0000000e+000
  9.8500000e+003  2.5525136e+002  0.0000000e+000
  9.8600000e+003  3.1689702e+002  0.0000000e+000
  9.8700000e+003  3.3978358e+002  0.0000000e+000
  9.8800000e+003  2.6454191e+002  0.0000000e+000
  9.8900000e+003  2.1527384e+002  0.0000000e+000
  9.9000000e+003  1.9697712e+002  0.0000000e+000
  9.9100000e+003  3.5501688e+002  0.0000000e+000
  9.9200000e+003  2.6351606e+002  0.0000000e+000
  9.9300000e+003  2.8499569e+002  0.0000000e+000
  9.9400000e+003  2.1394559e+002  0.0000000e+000
  9.9500000e+003  2.8958463e+002  0.0000000e+000
  9.9600000e+003  2.5975289e+002  0.0000000e+000
  9.9700000e+003  3.3703069e+002  0.0000000e+000
  9.9800000e+003  3.8823809e+002  0.0000000e+000
  9.9900000e+003  4.0725773e+002  0.0000000e+000
  1.0000000e+004  3.0929902e+002  0.0000000e+000
  1.0010000e+004  2.4617904e+002  0.0000000e+000
  1.0020000e+004  2.2274271e+002  0.0000000e+000
  1.0030000e+004  9.3964839e+001  0.0000000e+000
  1.0040000e+004  7.5000117e+001  0.0000000e+000
  1.0050000e+004  7.5000000e+001  0.0000000e+000
  1.0060000e+004  1.2072371e+002  0.0000000e+000
  1.0070000e+004  2.2487651e+002  0.0000000e+000
  1.0080000e+004  2.5544907e+002  0.0000000e+000
  1.0090000e+004  2.2140705e+002  0.0000000e+000
  1.0100000e+004  1.9719688e+002  0.0000000e+000
  1.0110000e+004  1.8819734e+002  0.0000000e+000
  1.0120000e+004  7.7606709e+001  0.0000000e+000
  1.0130000e+004  7.5000016e+001  0.0000000e+000
  1.0140000e+004  7.5000000e+001  0.0000000e+000
  1.0150000e+004  7.5000000e+001  0.0000000e+000
  1.0160000e+004  2.0681764e+002  0.0000000e+000
  1.0170000e+004  2.3504015e+002  0.0000000e+000
  1.0180000e+004  2.4878568e+002  0.0000000e+000
  1.0190000e+004  2.5470979e+002  0.0000000e+000
  1.0200000e+004  2.5689605e+002  0.0000000e+000
  1.0210000e+004  2.0650619e+002  0.0000000e+000
  1.0220000e+004  1.7475869e+002  0.0000000e+000
  1.0230000e+004  1.6297418e+002  0.0000000e+000
  1.0240000e+004  2.9862380e+002  0.0000000e+000
  1.0250000e+004  3.8464827e+002  0.0000000e+000
  1.0260000e+004  2.6795922e+002  0.0000000e+000
  1.0270000e+004  2.5314560e+002  0.0000000e+000
  1.0280000e+004  1.4875686e+002  0.0000000e+000
  1.0290000e+004  1.0978236e+002  0.0000000e+000
  1.0300000e+004  7.5000284e+001  0.0000000e+000
  1.0310000e+004  7.5000000e+001  0.0000000e+000
  1.0320000e+004  7.5000000e+001  0.0000000e+000
  1.0330000e+004  1.0670670e+002  0.0000000e+000
  1.0340000e+004  1.8715192e+002  0.0000000e+000
  1.0350000e+004  2.0435548e+002  0.0000000e+000
  1.0360000e+004  2.4268572e+002  0.0000000e+000
  1.0370000e+004  2.6504399e+002  0.0000000e+000
  1.0380000e+004  2.7333493e+002  0.0000000e+000
  1.0390000e+004  2.0373324e+002  0.0000000e+000
  1.0400000e+004  1.5938110e+002  0.0000000e+000
  1.0410000e+004  1.4291549e+002  0.0000000e+000
  1.0420000e+004  1.5616141e+002  0.0000000e+000
  1.0430000e+004  1.6601557e+002  0.0000000e+000
  1.0440000e+004  1.6968041e+002  0.0000000e+000
  1.0450000e+004  8.5125700e+001  0.0000000e+000
  1.0460000e+004  7.5000062e+001  0.0000000e+000
  1.0470000e+004  7.5000000e+001  0.0000000e+000
  1.0480000e+004  2.9334336e+002  0.0000000e+000
  1.0490000e+004  2.6004362e+002  0.0000000e+000
  1.0500000e+004  2.9131696e+002  0.0000000e+000
  1.0510000e+004  3.0018885e+002  0.0000000e+000
  1.0520000e+004  3.0261304e+002  0.0000000e+000
  1.0530000e+004  3.0349816e+002  0.0000000e+000
  1.0540000e+004  2.5818321e+002  0.0000000e+000
  1.0550000e+004  7.9306340e+001  0.0000000e+000
  1.0560000e+004  7.5000026e+001  0.0000000e+000
  1.0570000e+004  2.7650367e+002  0.0000000e+000
  1.0580000e+004  2.5750448e+002  0.0000000e+000
  1.0590000e+004  2.8400958e+002  0.0000000e+000
  1.0600000e+004  2.7899256e+002  0.0000000e+000
  1.0610000e+004  1.5045319e+002  0.0000000e+000
  1.0620000e+004  7.5973835e+001  0.0000000e+000
  1.0630000e+004  7.5000006e+001  0.0000000e+000
  1.0640000e+004  1.5250358e+002  0.0000000e+000
  1.0650000e+004  1.6109569e+002  0.0000000e+000
  1.0660000e+004  2.3325025e+002  0.0000000e+000
  1.0670000e+004  2.7760151e+002  0.0000000e+000
  1.0680000e+004  2.9405931e+002  0.0000000e+000
  1.0690000e+004  2.2949244e+002  0.0000000e+000
  1.0700000e+004  1.8751630e+002  0.0000000e+000
  1.0710000e+004  1.7192894e+002  0.0000000e+000
  1.0720000e+004  2.9973460e+002  0.0000000e+000
  1.0730000e+004  3.8121046e+002  0.0000000e+000
  1.0740000e+004  4.1145832e+002  0.0000000e+000
  1.0750000e+004  4.1323171e+002  0.0000000e+000
  1.0760000e+004  4.1146990e+002  0.0000000e+000
  1.0770000e+004  4.1080253e+002  0.0000000e+000
  1.0780000e+004  2.0467704e+002  0.0000000e+000
  1.0790000e+004  7.5226735e+001  0.0000000e+000
  1.0800000e+004  7.5000001e+001  0.0000000e+000
  1.0810000e+004  2.6080972e+002  0.0000000e+000
  1.0820000e+004  3.4421001e+002  0.0000000e+000
  1.0830000e+004  2.7003756e+002  0.0000000e+000
  1.0840000e+004  2.9998685e+002  0.0000000e+000
  1.0850000e+004  3.1566810e+002  0.0000000e+000
  1.0860000e+004  3.2147407e+002  0.0000000e+000
  1.0870000e+004  3.9294259e+002  0.0000000e+000
  1.0880000e+004  2.6055204e+002  0.0000000e+000
  1.0890000e+004  2.7022302e+002  0.0000000e+000
  1.0900000e+004  2.4393028e+002  0.0000000e+000
  1.0910000e+004  2.2654563e+002  0.0000000e+000
  1.0920000e+004  2.2008873e+002  0.0000000e+000
  1.0930000e+004  2.5757933e+002  0.0000000e+000
  1.0940000e+004  2.8165843e+002  0.0000000e+000
  1.0950000e+004  2.9059861e+002  0.0000000e+000
  1.0960000e+004  2.7715284e+002  0.0000000e+000
  1.0970000e+004  2.6788808e+002  0.0000000e+000
  1.0980000e+004  2.6444536e+002  0.0000000e+000
  1.0990000e+004  2.1963131e+002  0.0000000e+000
  1.1000000e+004  1.9190822e+002  0.0000000e+000
  1.1010000e+004  3.0480800e+002  0.0000000e+000
  1.1020000e+004  3.6638350e+002  0.0000000e+000
  1.1030000e+004  4.0655869e+002  0.0000000e+000
  1.1040000e+004  2.5351519e+002  0.0000000e+000
  1.1050000e+004  2.2333917e+002  0.0000000e+000
  1.1060000e+004  2.0509998e+002  0.0000000e+000
  1.1070000e+004  1.9832629e+002  0.0000000e+000
  1.1080000e+004  2.0000081e+002  0.0000000e+000
  1.1090000e+004  2.0169203e+002  0.0000000e+000
  1.1100000e+004  2.0232277e+002  0.0000000e+000
  1.1110000e+004  2.7335165e+002  0.0000000e+000
  1.1120000e+004  3.1775006e+002  0.0000000e+000
  1.1130000e+004  3.3422889e+002  0.0000000e+000
  1.1140000e+004  2.3385855e+002  0.0000000e+000
  1.1150000e+004  2.8401381e+002  0.0000000e+000
  1.1160000e+004  2.4430394e+002  0.0000000e+000
  1.1170000e+004  2.0797720e+002  0.0000000e+000
  1.1180000e+004  2.0458241e+002  0.0000000e+000
  1.1190000e+004  3.1493058e+002  0.0000000e+000
  1.1200000e+004  3.2677226e+002  0.0000000e+000
  1.1210000e+004  3.2568237e+002  0.0000000e+000
  1.1220000e+004  2.6910534e+002  0.0000000e+000
  1.1230000e+004  2.0492659e+002  0.0000000e+000
  1.1240000e+004  2.7329034e+002  0.0000000e+000
  1.1250000e+004  2.4706986e+002  0.0000000e+000
  1.1260000e+004  3.2045728e+002  0.0000000e+000
  1.1270000e+004  3.6888229e+002  0.0000000e+000
  1.1280000e+004  3.8686759e+002  0.0000000e+000
  1.1290000e+004  4.1612138e+002  0.0000000e+000
  1.1300000e+004  2.5783295e+002  0.0000000e+000
  1.1310000e+004  2.6149855e+002  0.0000000e+000
  1.1320000e+004  2.4492289e+002  0.0000000e+000
  1.1330000e+004  2.3419974e+002  0.0000000e+000
  1.1340000e+004  2.3021805e+002  0.0000000e+000
  1.1350000e+004  2.1816093e+002  0.0000000e+000
  1.1360000e+004  2.1099218e+002  0.0000000e+000
  1.1370000e+004  2.0833317e+002  0.0000000e+000
  1.1380000e+004  2.2075219e+002  0.0000000e+000
  1.1390000e+004  2.2877794e+002  0.0000000e+000
  1.1400000e+004  2.3175799e+002  0.0000000e+000
  1.1410000e+004  2.8168319e+002  0.0000000e+000
  1.1420000e+004  3.1264937e+002  0.0000000e+000
  1.1430000e+004  3.2414158e+002  0.0000000e+000
  1.1440000e+004  2.6374384e+002  0.0000000e+000
  1.1450000e+004  2.2484867e+002  0.0000000e+000
  1.1460000e+004  2.1040707e+002  0.0000000e+000
  1.1470000e+004  2.4862484e+002  0.0000000e+000
  1.1480000e+004  2.7391719e+002  0.0000000e+000
  1.1490000e+004  2.8331122e+002  0.0000000e+000
  1.1500000e+004  2.4373910e+002  0.0000000e+000
  1.1510000e+004  2.1807826e+002  0.0000000e+000
  1.1520000e+004  2.0854970e+002  0.0000000e+000
  1.1530000e+004  2.4690702e+002  0.0000000e+000
  1.1540000e+004  2.7182025e+002  0.0000000e+000
  1.1550000e+004  2.8107139e+002  0.0000000e+000
  1.1560000e+004  2.3911624e+002  0.0000000e+000
  1.1570000e+004  2.1197740e+002  0.0000000e+000
  1.1580000e+004  2.0190032e+002  0.0000000e+000
  1.1590000e+004  2.6523928e+002  0.0000000e+000
  1.1600000e+004  3.0584106e+002  0.0000000e+000
  1.1610000e+004  3.2091547e+002  0.0000000e+000
  1.1620000e+004  2.9128934e+002  0.0000000e+000
  1.1630000e+004  2.7131459e+002  0.0000000e+000
  1.1640000e+004  2.6389398e+002  0.0000000e+000
  1.1650000e+004  3.1042499e+002  0.0000000e+000
  1.1660000e+004  3.4025416e+002  0.0000000e+000
  1.1670000e+004  3.5132898e+002  0.0000000e+000
  1.1680000e+004  3.1084966e+002  0.0000000e+000
  1.1690000e+004  2.8446142e+002  0.0000000e+000
  1.1700000e+004  7.5085396e+001  0.0000000e+000
  1.1710000e+004  7.5000001e+001  0.0000000e+000
  1.1720000e+004  7.5000000e+001  0.0000000e+000
  1.1730000e+004  7.5000000e+001  0.0000000e+000
  1.1740000e+004  7.5000000e+001  0.0000000e+000
  1.1750000e+004  7.5000000e+001  0.0000000e+000
  1.1760000e+004  7.5000000e+001  0.0000000e+000
  1.1770000e+004  7.5000000e+001  0.0000000e+000
  1.1780000e+004  7.5000000e+001  0.0000000e+000
  1.1790000e+004  7.5000000e+001  0.0000000e+000
  1.1800000e+004  7.5000000e+001  0.0000000e+000
  1.1810000e+004  7.5000000e+001  0.0000000e+000
  1.1820000e+004  7.5000000e+001  0.0000000e+000
  1.1830000e+004  7.5000000e+001  0.0000000e+000
  1.1840000e+004  7.5000000e+001  0.0000000e+000
  1.1850000e+004  7.5000000e+001  0.0000000e+000
  1.1860000e+004  7.5000000e+001  0.0000000e+000
  1.1870000e+004  7.5000000e+001  0.0000000e+000
  1.1880000e+004  7.5000000e+001  0.0000000e+000
  1.1890000e+004  7.5000000e+001  0.0000000e+000
  1.1900000e+004  7.5000000e+001  0.0000000e+000
  1.1910000e+004  7.5000000e+001  0.0000000e+000
  1.1920000e+004  7.5000000e+001  0.0000000e+000
  1.1930000e+004  7.5000000e+001  0.0000000e+000
  1.1940000e+004  7.5000000e+001  0.0000000e+000
  1.1950000e+004  7.5000000e+001  0.0000000e+000
  1.1960000e+004  7.5000000e+001  0.0000000e+000
  1.1970000e+004  7.5000000e+001  0.0000000e+000
  1.1980000e+004  7.5000000e+001  0.0000000e+000
  1.1990000e+004  7.5000000e+001  0.0000000e+000
  1.2000000e+004  7.5000000e+001  0.0000000e+000
  1.2010000e+004  7.5000000e+001  0.0000000e+000
  1.2020000e+004  7.5000000e+001  0.0000000e+000
  1.2030000e+004  7.5000000e+001  0.0000000e+000
  1.2040000e+004  7.5000000e+001  0.0000000e+000
  1.2050000e+004  7.5000000e+001  0.0000000e+000
  1.2060000e+004  7.5000000e+001  0.0000000e+000
  1.2070000e+004  7.5000000e+001  0.0000000e+000
  1.2080000e+004  7.5000000e+001  0.0000000e+000
  1.2090000e+004  7.5000000e+001  0.0000000e+000
  1.2100000e+004  7.5000000e+001  0.0000000e+000
  1.2110000e+004  7.5000000e+001  0.0000000e+000
  1.2120000e+004  7.5000000e+001  0.0000000e+000
  1.2130000e+004  7.5000000e+001  0.0000000e+000
  1.2140000e+004  7.5000000e+001  0.0000000e+000
  1.2150000e+004  7.5000000e+001  0.0000000e+000
  1.2160000e+004  7.5000000e+001  0.0000000e+000
  1.2170000e+004  7.5000000e+001  0.0000000e+000
  1.2180000e+004  7.5000000e+001  0.0000000e+000
  1.2190000e+004  7.5000000e+001  0.0000000e+000
  1.2200000e+004  7.5000000e+001  0.0000000e+000
  1.2210000e+004  7.5000000e+001  0.0000000e+000
  1.2220000e+004  7.5000000e+001  0.0000000e+000
  1.2230000e+004  7.5000000e+001  0.0000000e+000
  1.2240000e+004  7.5000000e+001  0.0000000e+000
  1.2250000e+004  7.5000000e+001  0.0000000e+000
  1.2260000e+004  7.5000000e+001  0.0000000e+000
  1.2270000e+004  7.5000000e+001  0.0000000e+000
  1.2280000e+004  7.5000000e+001  0.0000000e+000
  1.2290000e+004  7.5000000e+001  0.0000000e+000
  1.2300000e+004  7.5000000e+001  0.0000000e+000
  1.2310000e+004  7.5000000e+001  0.0000000e+000
  1.2320000e+004  7.5000000e+001  0.0000000e+000
  1.2330000e+004  7.5000000e+001  0.0000000e+000
  1.2340000e+004  7.5000000e+001  0.0000000e+000
  1.2350000e+004  7.5000000e+001  0.0000000e+000
  1.2360000e+004  7.5000000e+001  0.0000000e+000
  1.2370000e+004  7.5000000e+001  0.0000000e+000
  1.2380000e+004  7.5000000e+001  0.0000000e+000
  1.2390000e+004  7.5000000e+001  0.0000000e+000
  1.2400000e+004  7.5000000e+001  0.0000000e+000
  1.2410000e+004  7.5000000e+001  0.0000000e+000
  1.2420000e+004  7.5000000e+001  0.0000000e+000
  1.2430000e+004  7.5000000e+001  0.0000000e+000
  1.2440000e+004  7.5000000e+001  0.0000000e+000
  1.2450000e+004  7.5000000e+001  0.0000000e+000
  1.2460000e+004  7.5000000e+001  0.0000000e+000
  1.2470000e+004  7.5000000e+001  0.0000000e+000
  1.2480000e+004  7.5000000e+001  0.0000000e+000
  1.2490000e+004  7.5000000e+001  0.0000000e+000
  1.2500000e+004  7.5000000e+001  0.0000000e+000
  1.2510000e+004  7.5000000e+001  0.0000000e+000
  1.2520000e+004  7.5000000e+001  0.0000000e+000
  1.2530000e+004  7.5000000e+001  0.0000000e+000
  1.2540000e+004  7.5000000e+001  0.0000000e+000
  1.2550000e+004  7.5000000e+001  0.0000000e+000
  1.2560000e+004  7.5000000e+001  0.0000000e+000
  1.2570000e+004  7.5000000e+001  0.0000000e+000
  1.2580000e+004  7.5000000e+001  0.0000000e+000
  1.2590000e+004  7.5000000e+001  0.0000000e+000
  1.2600000e+004  7.5000000e+001  0.0000000e+000
  1.2610000e+004  7.5000000e+001  0.0000000e+000
  1.2620000e+004  7.5000000e+001  0.0000000e+000
  1.2630000e+004  7.5000000e+001  0.0000000e+000
  1.2640000e+004  7.5000000e+001  0.0000000e+000
  1.2650000e+004  7.5000000e+001  0.0000000e+000
  1.2660000e+004  7.5000000e+001  0.0000000e+000
  1.2670000e+004  7.5000000e+001  0.0000000e+000
  1.2680000e+004  7.5000000e+001  0.0000000e+000
  1.2690000e+004  7.5000000e+001  0.0000000e+000
  1.2700000e+004  7.5000000e+001  0.0000000e+000
  1.2710000e+004  7.5000000e+001  0.0000000e+000
  1.2720000e+004  7.5000000e+001  0.0000000e+000
  1.2730000e+004  7.5000000e+001  0.0000000e+000
  1.2740000e+004  7.5000000e+001  0.0000000e+000
  1.2750000e+004  7.5000000e+001  0.0000000e+000
  1.2760000e+004  7.5000000e+001  0.0000000e+000
  1.2770000e+004  7.5000000e+001  0.0000000e+000
  1.2780000e+004  7.5000000e+001  0.0000000e+000
  1.2790000e+004  7.5000000e+001  0.0000000e+000
  1.2800000e+004  7.5000000e+001  0.0000000e+000
  1.2810000e+004  7.5000000e+001  0.0000000e+000
  1.2820000e+004  7.5000000e+001  0.0000000e+000
  1.2830000e+004  7.5000000e+001  0.0000000e+000
  1.2840000e+004  7.5000000e+001  0.0000000e+000
  1.2850000e+004  7.5000000e+001  0.0000000e+000
  1.2860000e+004  7.5000000e+001  0.0000000e+000
  1.2870000e+004  7.5000000e+001  0.0000000e+000
  1.2880000e+004  7.5000000e+001  0.0000000e+000
  1.2890000e+004  7.5000000e+001  0.0000000e+000
  1.2900000e+004  7.5000000e+001  0.0000000e+000
  1.2910000e+004  7.5000000e+001  0.0000000e+000
  1.2920000e+004  7.5000000e+001  0.0000000e+000
  1.2930000e+004  7.5000000e+001  0.0000000e+000
  1.2940000e+004  7.5000000e+001  0.0000000e+000
  1.2950000e+004  7.5000000e+001  0.0000000e+000
  1.2960000e+004  7.5000000e+001  0.0000000e+000
  1.2970000e+004  7.5000000e+001  0.0000000e+000
  1.2980000e+004  7.5000000e+001  0.0000000e+000
  1.2990000e+004  7.5000000e+001  0.0000000e+000
  1.3000000e+004  7.5000000e+001  0.0000000e+000
  1.3010000e+004  7.5000000e+001  0.0000000e+000
  1.3020000e+004  7.5000000e+001  0.0000000e+000
  1.3030000e+004  7.5000000e+001  0.0000000e+000
  1.3040000e+004  7.5000000e+001  0.0000000e+000
  1.3050000e+004  7.5000000e+001  0.0000000e+000
  1.3060000e+004  7.5000000e+001  0.0000000e+000
  1.3070000e+004  7.5000000e+001  0.0000000e+000
  1.3080000e+004  7.5000000e+001  0.0000000e+000
  1.3090000e+004  7.5000000e+001  0.0000000e+000
  1.3100000e+004  7.5000000e+001  0.0000000e+000
  1.3110000e+004  7.5000000e+001  0.0000000e+000
  1.3120000e+004  7.5000000e+001  0.0000000e+000
