  0.0000000e+000  3.5000000e+002  0.0000000e+000  1.0000000e+002
  1.0000000e+001  7.5001690e+001  0.0000000e+000  5.5769643e+002
  2.0000000e+001  7.5000000e+001  0.0000000e+000  5.6580785e+002
  3.0000000e+001  7.5000000e+001  0.0000000e+000  5.3062009e+002
  4.0000000e+001  7.5000000e+001  0.0000000e+000  4.8450339e+002
  5.0000000e+001  7.5000000e+001  0.0000000e+000  4.6985723e+002
  6.0000000e+001  7.5000000e+001  0.0000000e+000  5.6199168e+002
  7.0000000e+001  7.5000000e+001  0.0000000e+000  6.0937216e+002
  8.0000000e+001  7.5000000e+001  0.0000000e+000  6.3027869e+002
  9.0000000e+001  7.5000000e+001  0.0000000e+000  6.0549271e+002
  1.0000000e+002  1.6037482e+002  0.0000000e+000  5.5780234e+002
  1.1000000e+002  2.0096502e+002  0.0000000e+000  5.0489157e+002
  1.2000000e+002  2.1565933e+002  0.0000000e+000  5.2367625e+002
  1.3000000e+002  3.6062524e+002  0.0000000e+000  5.7072479e+002
  1.4000000e+002  2.6023282e+002  0.0000000e+000  6.0277981e+002
  1.5000000e+002  2.7926065e+002  0.0000000e+000  5.9037006e+002
  1.6000000e+002  2.1515724e+002  0.0000000e+000  6.0294784e+002
  1.7000000e+002  2.9949182e+002  0.0000000e+000  5.6623049e+002
  1.8000000e+002  2.7271370e+002  0.0000000e+000  5.7201575e+002
  1.9000000e+002  3.1158838e+002  0.0000000e+000  6.1498731e+002
  2.0000000e+002  3.3847919e+002  0.0000000e+000  6.5563733e+002
  2.1000000e+002  3.4847208e+002  0.0000000e+000  5.8849092e+002
  2.2000000e+002  1.7442367e+002  0.0000000e+000  5.4886982e+002
  2.3000000e+002  7.5033202e+001  0.0000000e+000  5.0510339e+002
  2.4000000e+002  7.5000000e+001  0.0000000e+000  4.9742720e+002
  2.5000000e+002  7.5000000e+001  0.0000000e+000  5.3289869e+002
  2.6000000e+002  7.5000000e+001  0.0000000e+000  5.4714039e+002
  2.7000000e+002  7.5000000e+001  0.0000000e+000  5.6138268e+002
  2.8000000e+002  2.5673575e+002  0.0000000e+000  5.3076766e+002
  2.9000000e+002  3.5595724e+002  0.0000000e+000  4.8344120e+002
  3.0000000e+002  3.9277467e+002  0.0000000e+000  4.6291503e+002
  3.1000000e+002  2.5496228e+002  0.0000000e+000  5.0001185e+002
  3.2000000e+002  1.6520742e+002  0.0000000e+000  5.4771121e+002
  3.3000000e+002  1.3187725e+002  0.0000000e+000  5.7410900e+002
  3.4000000e+002  2.1728263e+002  0.0000000e+000  5.5493574e+002
  3.5000000e+002  2.7390391e+002  0.0000000e+000  5.0781924e+002
  3.6000000e+002  2.9493453e+002  0.0000000e+000  5.5682592e+002
  3.7000000e+002  2.2740264e+002  0.0000000e+000  5.6964656e+002
  3.8000000e+002  1.8313646e+002  0.0000000e+000  6.1523769e+002
  3.9000000e+002  1.6669709e+002  0.0000000e+000  6.5168669e+002
  4.0000000e+002  1.7867155e+002  0.0000000e+000  6.4548253e+002
  4.1000000e+002  1.8772739e+002  0.0000000e+000  6.0950081e+002
  4.2000000e+002  1.9109591e+002  0.0000000e+000  5.6907369e+002
  4.3000000e+002  7.8532903e+001  0.0000000e+000  5.6854087e+002
  4.4000000e+002  7.5000022e+001  0.0000000e+000  6.0839254e+002
  4.5000000e+002  7.5000000e+001  0.0000000e+000  6.5198926e+002
  4.6000000e+002  7.5000000e+001  0.0000000e+000  6.1293862e+002
  4.7000000e+002  7.5000000e+001  0.0000000e+000  5.7718407e+002
  4.8000000e+002  7.5000000e+001  0.0000000e+000  5.3129066e+002
  4.9000000e+002  1.9152762e+002  0.0000000e+000  5.1745047e+002
  5.0000000e+002  3.0579049e+002  0.0000000e+000  5.4838812e+002
  5.1000000e+002  3.4786816e+002  0.0000000e+000  6.4479095e+002
  5.2000000e+002  2.8068707e+002  0.0000000e+000  6.6493738e+002
  5.3000000e+002  2.3464223e+002  0.0000000e+000  6.3943375e+002
  5.4000000e+002  2.1753332e+002  0.0000000e+000  5.9173021e+002
  5.5000000e+002  1.5068814e+002  0.0000000e+000  5.6568518e+002
  5.6000000e+002  1.1047289e+002  0.0000000e+000  5.5821786e+002
  5.7000000e+002  7.5000407e+001  0.0000000e+000  6.0539738e+002
  5.8000000e+002  7.5000000e+001  0.0000000e+000  6.3682197e+002
  5.9000000e+002  7.5000000e+001  0.0000000e+000  6.2359877e+002
  6.0000000e+002  7.5000000e+001  0.0000000e+000  8.0788514e+002
  6.1000000e+002  2.2289727e+002  0.0000000e+000  7.4749164e+002
  6.2000000e+002  3.0469157e+002  0.0000000e+000  7.5411312e+002
  6.3000000e+002  3.3503555e+002  0.0000000e+000  7.9744468e+002
  6.4000000e+002  2.7248970e+002  0.0000000e+000  8.3764638e+002
  6.5000000e+002  2.3046016e+002  0.0000000e+000  8.3775696e+002
  6.6000000e+002  2.1484681e+002  0.0000000e+000  7.6246287e+002
  6.7000000e+002  2.5484814e+002  0.0000000e+000  7.1903768e+002
  6.8000000e+002  2.8136810e+002  0.0000000e+000  7.1219615e+002
  6.9000000e+002  2.9121831e+002  0.0000000e+000  7.4822675e+002
  7.0000000e+002  2.8546401e+002  0.0000000e+000  7.9400312e+002
  7.1000000e+002  2.8092707e+002  0.0000000e+000  8.6932062e+002
  7.2000000e+002  2.7923875e+002  0.0000000e+000  8.3806558e+002
  7.3000000e+002  3.0748780e+002  0.0000000e+000  7.9085266e+002
  7.4000000e+002  3.2532971e+002  0.0000000e+000  7.7109200e+002
  7.5000000e+002  3.3195273e+002  0.0000000e+000  7.9695147e+002
  7.6000000e+002  3.0582488e+002  0.0000000e+000  8.0586072e+002
  7.7000000e+002  2.8884216e+002  0.0000000e+000  8.3154921e+002
  7.8000000e+002  2.8253583e+002  0.0000000e+000  8.1160570e+002
  7.9000000e+002  1.4034661e+002  0.0000000e+000  7.6436440e+002
  8.0000000e+002  7.5002376e+001  0.0000000e+000  7.3325874e+002
  8.1000000e+002  7.5000000e+001  0.0000000e+000  7.6011772e+002
  8.2000000e+002  1.2655148e+002  0.0000000e+000  8.0595088e+002
  8.3000000e+002  2.2671930e+002  0.0000000e+000  8.4184937e+002
  8.4000000e+002  2.5710519e+002  0.0000000e+000  8.3480888e+002
  8.5000000e+002  3.2851879e+002  0.0000000e+000  7.9130241e+002
  8.6000000e+002  3.7033298e+002  0.0000000e+000  7.0231748e+002
  8.7000000e+002  3.8583940e+002  0.0000000e+000  7.0262692e+002
  8.8000000e+002  3.5970484e+002  0.0000000e+000  7.4293652e+002
  8.9000000e+002  3.4187455e+002  0.0000000e+000  7.8618358e+002
  9.0000000e+002  3.3524968e+002  0.0000000e+000  7.9260697e+002
  9.1000000e+002  2.0926453e+002  0.0000000e+000  7.7591941e+002
  9.2000000e+002  1.3103707e+002  0.0000000e+000  7.3026457e+002
  9.3000000e+002  7.5456551e+001  0.0000000e+000  7.1723470e+002
  9.4000000e+002  3.6232829e+002  0.0000000e+000  7.4881030e+002
  9.5000000e+002  3.2923504e+002  0.0000000e+000  7.9596090e+002
  9.6000000e+002  3.7147364e+002  0.0000000e+000  8.7356101e+002
  9.7000000e+002  3.8271756e+002  0.0000000e+000  8.4735037e+002
  9.8000000e+002  3.8574465e+002  0.0000000e+000  7.9964861e+002
  9.9000000e+002  3.8684942e+002  0.0000000e+000  7.7431516e+002
  1.0000000e+003  3.1817101e+002  0.0000000e+000  7.9464146e+002
  1.0100000e+003  3.4301077e+002  0.0000000e+000  8.3237330e+002
  1.0200000e+003  3.5238415e+002  0.0000000e+000  8.6315717e+002
  1.0300000e+003  3.0385600e+002  0.0000000e+000  8.4912467e+002
  1.0400000e+003  2.7259140e+002  0.0000000e+000  8.0317678e+002
  1.0500000e+003  2.6098293e+002  0.0000000e+000  7.6755778e+002
  1.0600000e+003  2.8862722e+002  0.0000000e+000  7.4336880e+002
  1.0700000e+003  3.0703244e+002  0.0000000e+000  7.8704533e+002
  1.0800000e+003  3.1386896e+002  0.0000000e+000  8.2678611e+002
  1.0900000e+003  3.7856865e+002  0.0000000e+000  8.2605221e+002
  1.1000000e+003  3.7298012e+002  0.0000000e+000  7.8551838e+002
  1.1100000e+003  3.6769461e+002  0.0000000e+000  7.7594391e+002
  1.1200000e+003  3.6474106e+002  0.0000000e+000  7.6994071e+002
  1.1300000e+003  3.6170084e+002  0.0000000e+000  8.0651912e+002
  1.1400000e+003  3.6056684e+002  0.0000000e+000  8.5205065e+002
  1.1500000e+003  3.2931362e+002  0.0000000e+000  8.6467382e+002
  1.1600000e+003  3.0985931e+002  0.0000000e+000  8.4949006e+002
  1.1700000e+003  3.0263908e+002  0.0000000e+000  8.0240623e+002
  1.1800000e+003  2.3658166e+002  0.0000000e+000  7.8341727e+002
  1.1900000e+003  1.9592060e+002  0.0000000e+000  8.0998232e+002
  1.2000000e+003  2.1304433e+002  0.0000000e+000  8.5767758e+002
  1.2100000e+003  2.5997901e+002  0.0000000e+000  9.0413668e+002
  1.2200000e+003  2.9104112e+002  0.0000000e+000  8.8343014e+002
  1.2300000e+003  3.0257817e+002  0.0000000e+000  8.3607883e+002
  1.2400000e+003  3.2051326e+002  0.0000000e+000  8.0561830e+002
  1.2500000e+003  3.3064380e+002  0.0000000e+000  8.2005382e+002
  1.2600000e+003  3.3439877e+002  0.0000000e+000  7.5045966e+002
  1.2700000e+003  2.9158743e+002  0.0000000e+000  7.8579113e+002
  1.2800000e+003  2.6443452e+002  0.0000000e+000  7.7791653e+002
  1.2900000e+003  2.5435466e+002  0.0000000e+000  7.3407049e+002
  1.3000000e+003  2.6446118e+002  0.0000000e+000  6.9456485e+002
  1.3100000e+003  2.7174405e+002  0.0000000e+000  7.1171334e+002
  1.3200000e+003  2.7445167e+002  0.0000000e+000  7.5246896e+002
  1.3300000e+003  3.2258385e+002  0.0000000e+000  7.9535282e+002
  1.3400000e+003  3.5245360e+002  0.0000000e+000  8.0093842e+002
  1.3500000e+003  3.6353898e+002  0.0000000e+000  7.6409039e+002
  1.3600000e+003  4.0364491e+002  0.0000000e+000  7.4732763e+002
  1.3700000e+003  3.6306123e+002  0.0000000e+000  7.3511345e+002
  1.3800000e+003  3.7059223e+002  0.0000000e+000  7.6731711e+002
  1.3900000e+003  2.0982333e+002  0.0000000e+000  8.1433200e+002
  1.4000000e+003  2.1300462e+002  0.0000000e+000  8.3293286e+002
  1.4100000e+003  1.6814357e+002  0.0000000e+000  8.0082815e+002
  1.4200000e+003  2.7757484e+002  0.0000000e+000  7.5314289e+002
  1.4300000e+003  3.6002456e+002  0.0000000e+000  7.2852895e+002
  1.4400000e+003  4.0014595e+002  0.0000000e+000  7.4961604e+002
  1.4500000e+003  3.2806992e+002  0.0000000e+000  7.9701679e+002
  1.4600000e+003  3.9234971e+002  0.0000000e+000  8.1798260e+002
  1.4700000e+003  3.6044248e+002  0.0000000e+000  8.0314478e+002
  1.4800000e+003  3.4759444e+002  0.0000000e+000  7.5697703e+002
  1.4900000e+003  3.3758912e+002  0.0000000e+000  7.2192536e+002
  1.5000000e+003  3.3386371e+002  0.0000000e+000  7.3021611e+002
  1.5100000e+003  2.8710627e+002  0.0000000e+000  8.3008669e+002
  1.5200000e+003  2.5819364e+002  0.0000000e+000  8.6935664e+002
  1.5300000e+003  2.4746396e+002  0.0000000e+000  8.6777849e+002
  1.5400000e+003  2.7999186e+002  0.0000000e+000  8.2680573e+002
  1.5500000e+003  3.0137038e+002  0.0000000e+000  7.8410852e+002
  1.5600000e+003  3.0931009e+002  0.0000000e+000  6.8116334e+002
  1.5700000e+003  2.3816714e+002  0.0000000e+000  7.1827366e+002
  1.5800000e+003  1.9288363e+002  0.0000000e+000  7.6354608e+002
  1.5900000e+003  2.0744119e+002  0.0000000e+000  7.7535291e+002
  1.6000000e+003  1.9741781e+002  0.0000000e+000  7.4283900e+002
  1.6100000e+003  1.9302412e+002  0.0000000e+000  7.2134428e+002
  1.6200000e+003  1.9140215e+002  0.0000000e+000  7.0313414e+002
  1.6300000e+003  2.7475204e+002  0.0000000e+000  7.3039643e+002
  1.6400000e+003  3.2707626e+002  0.0000000e+000  7.7806749e+002
  1.6500000e+003  3.4649787e+002  0.0000000e+000  8.0231877e+002
  1.6600000e+003  3.9578542e+002  0.0000000e+000  8.0032370e+002
  1.6700000e+003  3.6093807e+002  0.0000000e+000  7.5287811e+002
  1.6800000e+003  3.6968539e+002  0.0000000e+000  7.2307225e+002
  1.6900000e+003  3.6024769e+002  0.0000000e+000  7.3831038e+002
  1.7000000e+003  3.5347359e+002  0.0000000e+000  7.8458263e+002
  1.7100000e+003  3.5095523e+002  0.0000000e+000  8.5978153e+002
  1.7200000e+003  2.8314045e+002  0.0000000e+000  8.5107712e+002
  1.7300000e+003  2.4093302e+002  0.0000000e+000  8.0690524e+002
  1.7400000e+003  2.2526825e+002  0.0000000e+000  7.6787914e+002
  1.7500000e+003  2.9362179e+002  0.0000000e+000  7.6987924e+002
  1.7600000e+003  3.3789279e+002  0.0000000e+000  8.0567902e+002
  1.7700000e+003  3.5433157e+002  0.0000000e+000  8.4818599e+002
  1.7800000e+003  3.0007575e+002  0.0000000e+000  8.5293206e+002
  1.7900000e+003  2.6455527e+002  0.0000000e+000  8.1555347e+002
  1.8000000e+003  2.5136403e+002  0.0000000e+000  7.7041593e+002
  1.8100000e+003  2.1175753e+002  0.0000000e+000  6.7356471e+002
  1.8200000e+003  2.3529056e+002  0.0000000e+000  7.0638245e+002
  1.8300000e+003  2.1041616e+002  0.0000000e+000  7.5324690e+002
  1.8400000e+003  2.1108156e+002  0.0000000e+000  7.7106722e+002
  1.8500000e+003  2.1386473e+002  0.0000000e+000  7.4345949e+002
  1.8600000e+003  2.1490882e+002  0.0000000e+000  7.1715407e+002
  1.8700000e+003  2.0942060e+002  0.0000000e+000  6.9326833e+002
  1.8800000e+003  2.0588627e+002  0.0000000e+000  7.1510960e+002
  1.8900000e+003  2.0457399e+002  0.0000000e+000  7.6259808e+002
  1.9000000e+003  2.1821573e+002  0.0000000e+000  7.9207309e+002
  1.9100000e+003  2.2687895e+002  0.0000000e+000  7.9924681e+002
  1.9200000e+003  2.3009500e+002  0.0000000e+000  7.5287472e+002
  1.9300000e+003  2.5825966e+002  0.0000000e+000  7.1840135e+002
  1.9400000e+003  2.7558311e+002  0.0000000e+000  7.2752241e+002
  1.9500000e+003  2.8201152e+002  0.0000000e+000  7.7185203e+002
  1.9600000e+003  2.2749355e+002  0.0000000e+000  8.2236744e+002
  1.9700000e+003  1.9275941e+002  0.0000000e+000  8.1994608e+002
  1.9800000e+003  3.0186275e+002  0.0000000e+000  7.7854723e+002
  1.9900000e+003  3.7701377e+002  0.0000000e+000  7.3623334e+002
  2.0000000e+003  2.5795676e+002  0.0000000e+000  7.3190761e+002
  2.0100000e+003  2.6474757e+002  0.0000000e+000  7.7155900e+002
  2.0200000e+003  2.9607936e+002  0.0000000e+000  8.1655822e+002
  2.0300000e+003  3.1465929e+002  0.0000000e+000  8.2754500e+002
  2.0400000e+003  3.2155066e+002  0.0000000e+000  7.9441825e+002
  2.0500000e+003  2.8969871e+002  0.0000000e+000  7.4763453e+002
  2.0600000e+003  2.6910772e+002  0.0000000e+000  6.9790387e+002
  2.0700000e+003  2.6146201e+002  0.0000000e+000  7.2585340e+002
  2.0800000e+003  2.7799913e+002  0.0000000e+000  7.7348532e+002
  2.0900000e+003  2.8907592e+002  0.0000000e+000  7.9700560e+002
  2.1000000e+003  2.9319063e+002  0.0000000e+000  7.7478979e+002
  2.1100000e+003  2.6827376e+002  0.0000000e+000  8.1365520e+002
  2.1200000e+003  2.5228716e+002  0.0000000e+000  7.8451728e+002
  2.1300000e+003  2.4635168e+002  0.0000000e+000  8.0055324e+002
  2.1400000e+003  3.1661229e+002  0.0000000e+000  8.4702362e+002
  2.1500000e+003  3.6115325e+002  0.0000000e+000  8.8120376e+002
  2.1600000e+003  3.7768790e+002  0.0000000e+000  8.1444037e+002
  2.1700000e+003  3.4548956e+002  0.0000000e+000  7.6995389e+002
  2.1800000e+003  3.2376617e+002  0.0000000e+000  7.3141956e+002
  2.1900000e+003  3.1569588e+002  0.0000000e+000  7.3426307e+002
  2.2000000e+003  2.1693612e+002  0.0000000e+000  7.7587010e+002
  2.2100000e+003  2.6160622e+002  0.0000000e+000  8.0353936e+002
  2.2200000e+003  2.2360450e+002  0.0000000e+000  8.0744376e+002
  2.2300000e+003  3.1817610e+002  0.0000000e+000  7.6954633e+002
  2.2400000e+003  3.8098026e+002  0.0000000e+000  7.2468914e+002
  2.2500000e+003  4.0430783e+002  0.0000000e+000  7.1411369e+002
  2.2600000e+003  3.0469623e+002  0.0000000e+000  7.7446460e+002
  2.2700000e+003  2.4013267e+002  0.0000000e+000  8.2116514e+002
  2.2800000e+003  2.1615862e+002  0.0000000e+000  8.3819933e+002
  2.2900000e+003  3.7384535e+002  0.0000000e+000  8.0990725e+002
  2.3000000e+003  2.8293433e+002  0.0000000e+000  7.6230049e+002
  2.3100000e+003  3.0525116e+002  0.0000000e+000  6.9373663e+002
  2.3200000e+003  2.9130561e+002  0.0000000e+000  7.1632317e+002
  2.3300000e+003  2.8045608e+002  0.0000000e+000  7.6388451e+002
  2.3400000e+003  2.7641918e+002  0.0000000e+000  7.9269091e+002
  2.3500000e+003  2.8349757e+002  0.0000000e+000  7.7625790e+002
  2.3600000e+003  2.8831135e+002  0.0000000e+000  7.9923143e+002
  2.3700000e+003  2.9009985e+002  0.0000000e+000  7.6535034e+002
  2.3800000e+003  2.9897195e+002  0.0000000e+000  7.7529886e+002
  2.3900000e+003  3.0435536e+002  0.0000000e+000  8.1993351e+002
  2.4000000e+003  3.0635269e+002  0.0000000e+000  8.5821742e+002
  2.4100000e+003  3.3780840e+002  0.0000000e+000  8.0120433e+002
  2.4200000e+003  3.5730748e+002  0.0000000e+000  7.5938992e+002
  2.4300000e+003  3.6454395e+002  0.0000000e+000  7.1747262e+002
  2.4400000e+003  2.9470796e+002  0.0000000e+000  7.1398855e+002
  2.4500000e+003  2.5030927e+002  0.0000000e+000  7.5214095e+002
  2.4600000e+003  2.3382685e+002  0.0000000e+000  8.4559903e+002
  2.4700000e+003  2.3415131e+002  0.0000000e+000  8.5576455e+002
  2.4800000e+003  2.3591928e+002  0.0000000e+000  8.2203532e+002
  2.4900000e+003  2.3658282e+002  0.0000000e+000  7.7542407e+002
  2.5000000e+003  2.6317488e+002  0.0000000e+000  7.5878495e+002
  2.5100000e+003  2.7975634e+002  0.0000000e+000  7.1491455e+002
  2.5200000e+003  2.8591049e+002  0.0000000e+000  7.6248911e+002
  2.5300000e+003  3.0084268e+002  0.0000000e+000  7.8527101e+002
  2.5400000e+003  3.0960473e+002  0.0000000e+000  7.6231138e+002
  2.5500000e+003  3.1285415e+002  0.0000000e+000  7.1471920e+002
  2.5600000e+003  2.4082391e+002  0.0000000e+000  7.2159388e+002
  2.5700000e+003  1.9543034e+002  0.0000000e+000  7.3842426e+002
  2.5800000e+003  2.9969953e+002  0.0000000e+000  7.8507821e+002
  2.5900000e+003  3.2250113e+002  0.0000000e+000  8.1866391e+002
  2.6000000e+003  3.3944808e+002  0.0000000e+000  8.0830282e+002
  2.6100000e+003  3.4575075e+002  0.0000000e+000  8.3477920e+002
  2.6200000e+003  3.8270386e+002  0.0000000e+000  7.9675196e+002
  2.6300000e+003  4.0523510e+002  0.0000000e+000  8.0043798e+002
  2.6400000e+003  4.1359508e+002  0.0000000e+000  8.4245160e+002
  2.6500000e+003  2.6855901e+002  0.0000000e+000  8.8416568e+002
  2.6600000e+003  3.0096002e+002  0.0000000e+000  8.9944865e+002
  2.6700000e+003  2.4737547e+002  0.0000000e+000  8.6104481e+002
  2.6800000e+003  3.4459182e+002  0.0000000e+000  8.1648204e+002
  2.6900000e+003  2.8221176e+002  0.0000000e+000  8.0673169e+002
  2.7000000e+003  3.1071185e+002  0.0000000e+000  8.4075819e+002
  2.7100000e+003  2.4479635e+002  0.0000000e+000  8.7362301e+002
  2.7200000e+003  2.0082459e+002  0.0000000e+000  8.8986512e+002
  2.7300000e+003  3.0844571e+002  0.0000000e+000  8.6089755e+002
  2.7400000e+003  2.8039989e+002  0.0000000e+000  8.1335232e+002
  2.7500000e+003  3.0025115e+002  0.0000000e+000  7.9094231e+002
  2.7600000e+003  3.1715256e+002  0.0000000e+000  7.1833892e+002
  2.7700000e+003  2.5550822e+002  0.0000000e+000  7.6595385e+002
  2.7800000e+003  2.1531919e+002  0.0000000e+000  7.9408262e+002
  2.7900000e+003  2.0039495e+002  0.0000000e+000  7.7685940e+002
  2.8000000e+003  2.4462240e+002  0.0000000e+000  7.3011915e+002
  2.8100000e+003  2.7372215e+002  0.0000000e+000  6.8614171e+002
  2.8200000e+003  2.8452957e+002  0.0000000e+000  6.9691408e+002
  2.8300000e+003  2.9499878e+002  0.0000000e+000  7.4183979e+002
  2.8400000e+003  3.0052557e+002  0.0000000e+000  7.7961386e+002
  2.8500000e+003  3.0257211e+002  0.0000000e+000  7.7550700e+002
  2.8600000e+003  2.6846774e+002  0.0000000e+000  7.3223228e+002
  2.8700000e+003  2.4692688e+002  0.0000000e+000  6.9072464e+002
  2.8800000e+003  2.3893077e+002  0.0000000e+000  6.8808333e+002
  2.8900000e+003  2.6182291e+002  0.0000000e+000  7.2673670e+002
  2.9000000e+003  2.7691070e+002  0.0000000e+000  7.7114702e+002
  2.9100000e+003  2.8251430e+002  0.0000000e+000  8.5901747e+002
  2.9200000e+003  2.6044144e+002  0.0000000e+000  8.2469992e+002
  2.9300000e+003  2.4609359e+002  0.0000000e+000  7.7827572e+002
  2.9400000e+003  2.4076569e+002  0.0000000e+000  7.6243065e+002
  2.9500000e+003  2.6264958e+002  0.0000000e+000  7.9173258e+002
  2.9600000e+003  2.7685296e+002  0.0000000e+000  8.1534961e+002
  2.9700000e+003  2.8212711e+002  0.0000000e+000  8.3738491e+002
  2.9800000e+003  2.2629435e+002  0.0000000e+000  8.1368865e+002
  2.9900000e+003  1.9084684e+002  0.0000000e+000  7.6604598e+002
  3.0000000e+003  2.9821520e+002  0.0000000e+000  7.3825936e+002
  3.0100000e+003  3.1158170e+002  0.0000000e+000  7.6191440e+002
  3.0200000e+003  3.2204374e+002  0.0000000e+000  8.0873757e+002
  3.0300000e+003  3.2593670e+002  0.0000000e+000  8.4171829e+002
  3.0400000e+003  2.7272391e+002  0.0000000e+000  8.3053452e+002
  3.0500000e+003  3.1686455e+002  0.0000000e+000  7.8546856e+002
  3.0600000e+003  3.3433952e+002  0.0000000e+000  7.0553756e+002
  3.0700000e+003  2.6993256e+002  0.0000000e+000  7.1006302e+002
  3.0800000e+003  2.2795992e+002  0.0000000e+000  7.5247005e+002
  3.0900000e+003  2.1237341e+002  0.0000000e+000  7.9376789e+002
  3.1000000e+003  2.3663076e+002  0.0000000e+000  7.9598750e+002
  3.1100000e+003  2.5329371e+002  0.0000000e+000  7.4954294e+002
  3.1200000e+003  2.5948534e+002  0.0000000e+000  7.0528820e+002
  3.1300000e+003  1.9795648e+002  0.0000000e+000  6.9636602e+002
  3.1400000e+003  2.6660991e+002  0.0000000e+000  7.3097906e+002
  3.1500000e+003  2.4225117e+002  0.0000000e+000  7.7730426e+002
  3.1600000e+003  3.0288157e+002  0.0000000e+000  8.3526205e+002
  3.1700000e+003  3.4314418e+002  0.0000000e+000  8.0562999e+002
  3.1800000e+003  3.5809905e+002  0.0000000e+000  7.5816119e+002
  3.1900000e+003  3.4192504e+002  0.0000000e+000  7.3650017e+002
  3.2000000e+003  3.3038156e+002  0.0000000e+000  7.6056197e+002
  3.2100000e+003  3.2609038e+002  0.0000000e+000  8.5399081e+002
  3.2200000e+003  3.5433736e+002  0.0000000e+000  8.8143520e+002
  3.2300000e+003  3.7242510e+002  0.0000000e+000  8.6342718e+002
  3.2400000e+003  3.7914053e+002  0.0000000e+000  8.1652531e+002
  3.2500000e+003  2.7113712e+002  0.0000000e+000  7.8385096e+002
  3.2600000e+003  2.9839980e+002  0.0000000e+000  7.6759202e+002
  3.2700000e+003  3.0866975e+002  0.0000000e+000  8.1279344e+002
  3.2800000e+003  3.1249482e+002  0.0000000e+000  8.5004585e+002
  3.2900000e+003  3.1391395e+002  0.0000000e+000  8.4509829e+002
  3.3000000e+003  3.1443612e+002  0.0000000e+000  8.0249954e+002
  3.3100000e+003  3.2135197e+002  0.0000000e+000  7.5754007e+002
  3.3200000e+003  3.2563116e+002  0.0000000e+000  7.5574217e+002
  3.3300000e+003  3.2721921e+002  0.0000000e+000  7.9488439e+002
  3.3400000e+003  2.9244683e+002  0.0000000e+000  8.3897939e+002
  3.3500000e+003  2.7053139e+002  0.0000000e+000  8.4748643e+002
  3.3600000e+003  2.6239645e+002  0.0000000e+000  8.4452828e+002
  3.3700000e+003  2.7130451e+002  0.0000000e+000  7.9830715e+002
  3.3800000e+003  2.7765259e+002  0.0000000e+000  7.8326108e+002
  3.3900000e+003  2.8001238e+002  0.0000000e+000  8.1322480e+002
  3.4000000e+003  2.2648728e+002  0.0000000e+000  8.6064981e+002
  3.4100000e+003  1.9276087e+002  0.0000000e+000  8.8705437e+002
  3.4200000e+003  3.0249500e+002  0.0000000e+000  8.6262914e+002
  3.4300000e+003  3.3027147e+002  0.0000000e+000  8.1495091e+002
  3.4400000e+003  3.4964669e+002  0.0000000e+000  7.8785506e+002
  3.4500000e+003  3.5684742e+002  0.0000000e+000  8.0625339e+002
  3.4600000e+003  2.7519909e+002  0.0000000e+000  7.7719408e+002
  3.4700000e+003  3.1267479e+002  0.0000000e+000  8.0955605e+002
  3.4800000e+003  3.2687594e+002  0.0000000e+000  7.9755310e+002
  3.4900000e+003  3.1909881e+002  0.0000000e+000  7.5221724e+002
  3.5000000e+003  3.1288267e+002  0.0000000e+000  7.1523005e+002
  3.5100000e+003  3.1056915e+002  0.0000000e+000  7.3851175e+002
  3.5200000e+003  2.9362655e+002  0.0000000e+000  7.8129971e+002
  3.5300000e+003  2.8324152e+002  0.0000000e+000  8.2216838e+002
  3.5400000e+003  2.7938800e+002  0.0000000e+000  8.2354409e+002
  3.5500000e+003  2.1898874e+002  0.0000000e+000  7.8416203e+002
  3.5600000e+003  3.0238129e+002  0.0000000e+000  7.3977301e+002
  3.5700000e+003  2.8137937e+002  0.0000000e+000  7.3168176e+002
  3.5800000e+003  3.6509382e+002  0.0000000e+000  7.6687050e+002
  3.5900000e+003  2.9235318e+002  0.0000000e+000  8.1298683e+002
  3.6000000e+003  2.6215903e+002  0.0000000e+000  8.2763162e+002
  3.6100000e+003  2.8590487e+002  0.0000000e+000  7.8419615e+002
  3.6200000e+003  2.1238891e+002  0.0000000e+000  7.3681805e+002
  3.6300000e+003  3.0987161e+002  0.0000000e+000  7.1591282e+002
  3.6400000e+003  2.2555727e+002  0.0000000e+000  7.4070002e+002
  3.6500000e+003  1.7786965e+002  0.0000000e+000  7.8839043e+002
  3.6600000e+003  1.6019507e+002  0.0000000e+000  8.2425556e+002
  3.6700000e+003  2.0969635e+002  0.0000000e+000  8.0546878e+002
  3.6800000e+003  2.4235814e+002  0.0000000e+000  7.5842000e+002
  3.6900000e+003  2.5448889e+002  0.0000000e+000  7.2636605e+002
  3.7000000e+003  2.6719989e+002  0.0000000e+000  7.3877719e+002
  3.7100000e+003  3.2221473e+002  0.0000000e+000  7.7868177e+002
  3.7200000e+003  3.4708026e+002  0.0000000e+000  8.1540058e+002
  3.7300000e+003  2.1588249e+002  0.0000000e+000  8.0961390e+002
  3.7400000e+003  2.2732109e+002  0.0000000e+000  7.6664171e+002
  3.7500000e+003  1.7306158e+002  0.0000000e+000  7.2599244e+002
  3.7600000e+003  7.5543157e+001  0.0000000e+000  7.2034715e+002
  3.7700000e+003  7.5000003e+001  0.0000000e+000  7.5996574e+002
  3.7800000e+003  7.5000000e+001  0.0000000e+000  8.0373160e+002
  3.7900000e+003  7.5000000e+001  0.0000000e+000  8.1140638e+002
  3.8000000e+003  7.5000000e+001  0.0000000e+000  7.7593392e+002
  3.8100000e+003  7.5000000e+001  0.0000000e+000  7.9159350e+002
  3.8200000e+003  7.5000000e+001  0.0000000e+000  7.7735394e+002
  3.8300000e+003  7.5000000e+001  0.0000000e+000  8.0797007e+002
  3.8400000e+003  7.5000000e+001  0.0000000e+000  8.5529635e+002
  3.8500000e+003  7.5000000e+001  0.0000000e+000  8.7582122e+002
  3.8600000e+003  7.5000000e+001  0.0000000e+000  7.7489097e+002
  3.8700000e+003  7.5000000e+001  0.0000000e+000  7.2718868e+002
  3.8800000e+003  7.5000000e+001  0.0000000e+000  7.0079210e+002
  3.8900000e+003  7.5000000e+001  0.0000000e+000  7.1996667e+002
  3.9000000e+003  7.5000000e+001  0.0000000e+000  7.6708339e+002
  3.9100000e+003  2.8644110e+002  0.0000000e+000  8.9323704e+002
  3.9200000e+003  2.5999903e+002  0.0000000e+000  8.8042297e+002
  3.9300000e+003  2.9227837e+002  0.0000000e+000  8.3483142e+002
  3.9400000e+003  2.5548913e+002  0.0000000e+000  7.9838334e+002
  3.9500000e+003  2.2920631e+002  0.0000000e+000  8.0458893e+002
  3.9600000e+003  2.1943582e+002  0.0000000e+000  7.5218352e+002
  3.9700000e+003  2.0200027e+002  0.0000000e+000  7.9260585e+002
  3.9800000e+003  1.9201470e+002  0.0000000e+000  7.9313724e+002
  3.9900000e+003  2.6271634e+002  0.0000000e+000  7.5328478e+002
  4.0000000e+003  3.0333803e+002  0.0000000e+000  7.0968865e+002
  4.0100000e+003  2.8989918e+002  0.0000000e+000  7.2183072e+002
  4.0200000e+003  2.8491386e+002  0.0000000e+000  7.5758501e+002
  4.0300000e+003  1.4161118e+002  0.0000000e+000  8.0347802e+002
  4.0400000e+003  7.5002672e+001  0.0000000e+000  8.1731683e+002
  4.0500000e+003  7.5000000e+001  0.0000000e+000  7.8637809e+002
  4.0600000e+003  2.5005685e+002  0.0000000e+000  7.5297167e+002
  4.0700000e+003  3.9787613e+002  0.0000000e+000  7.3282940e+002
  4.0800000e+003  2.6168479e+002  0.0000000e+000  7.5833424e+002
  4.0900000e+003  1.9638619e+002  0.0000000e+000  8.0603779e+002
  4.1000000e+003  2.6383939e+002  0.0000000e+000  8.3208163e+002
  4.1100000e+003  2.3564233e+002  0.0000000e+000  7.7445629e+002
  4.1200000e+003  1.5059308e+002  0.0000000e+000  7.2727360e+002
  4.1300000e+003  7.5916263e+001  0.0000000e+000  6.9585010e+002
  4.1400000e+003  7.5000006e+001  0.0000000e+000  7.0907468e+002
  4.1500000e+003  7.5000000e+001  0.0000000e+000  7.5478872e+002
  4.1600000e+003  7.5000000e+001  0.0000000e+000  7.9219563e+002
  4.1700000e+003  7.5000000e+001  0.0000000e+000  7.8557168e+002
  4.1800000e+003  7.5000000e+001  0.0000000e+000  7.4223952e+002
  4.1900000e+003  1.8750962e+002  0.0000000e+000  7.0203860e+002
  4.2000000e+003  2.1374809e+002  0.0000000e+000  7.0192945e+002
  4.2100000e+003  3.8383796e+002  0.0000000e+000  7.8477378e+002
  4.2200000e+003  2.8197582e+002  0.0000000e+000  8.2819872e+002
  4.2300000e+003  3.0427077e+002  0.0000000e+000  8.3503883e+002
  4.2400000e+003  2.3254970e+002  0.0000000e+000  7.9900729e+002
  4.2500000e+003  3.0490740e+002  0.0000000e+000  7.5323133e+002
  4.2600000e+003  2.9078362e+002  0.0000000e+000  7.5722708e+002
  4.2700000e+003  3.1829348e+002  0.0000000e+000  7.8848680e+002
  4.2800000e+003  3.3837984e+002  0.0000000e+000  8.3569952e+002
  4.2900000e+003  3.4584861e+002  0.0000000e+000  8.5545887e+002
  4.3000000e+003  2.6583790e+002  0.0000000e+000  8.2959820e+002
  4.3100000e+003  2.1504858e+002  0.0000000e+000  7.2655385e+002
  4.3200000e+003  1.9619408e+002  0.0000000e+000  7.0086229e+002
  4.3300000e+003  2.8683937e+002  0.0000000e+000  7.2080710e+002
  4.3400000e+003  3.4536605e+002  0.0000000e+000  7.6804861e+002
  4.3500000e+003  3.6709744e+002  0.0000000e+000  7.9915318e+002
  4.3600000e+003  1.8459734e+002  0.0000000e+000  7.7377242e+002
  4.3700000e+003  7.5067640e+001  0.0000000e+000  7.2793894e+002
  4.3800000e+003  7.5000000e+001  0.0000000e+000  6.9204140e+002
  4.3900000e+003  1.9369721e+002  0.0000000e+000  6.9908330e+002
  4.4000000e+003  3.0454444e+002  0.0000000e+000  7.4259036e+002
  4.4100000e+003  3.4542332e+002  0.0000000e+000  8.6029583e+002
  4.4200000e+003  3.2523141e+002  0.0000000e+000  8.5998625e+002
  4.4300000e+003  3.0871174e+002  0.0000000e+000  8.1967589e+002
  4.4400000e+003  3.0256206e+002  0.0000000e+000  7.7642943e+002
  4.4500000e+003  2.4323795e+002  0.0000000e+000  7.7000747e+002
  4.4600000e+003  2.0668979e+002  0.0000000e+000  8.0246184e+002
  4.4700000e+003  1.9312715e+002  0.0000000e+000  8.4811699e+002
  4.4800000e+003  2.1891020e+002  0.0000000e+000  8.6114548e+002
  4.4900000e+003  2.3633596e+002  0.0000000e+000  8.2956880e+002
  4.5000000e+003  2.4280980e+002  0.0000000e+000  7.8241841e+002
  4.5100000e+003  3.5693841e+002  0.0000000e+000  7.6523817e+002
  4.5200000e+003  2.4985608e+002  0.0000000e+000  7.9145275e+002
  4.5300000e+003  2.6245213e+002  0.0000000e+000  8.3915449e+002
  4.5400000e+003  1.9571629e+002  0.0000000e+000  8.6448673e+002
  4.5500000e+003  2.6382832e+002  0.0000000e+000  8.4415913e+002
  4.5600000e+003  2.3606988e+002  0.0000000e+000  7.2922454e+002
  4.5700000e+003  2.9466926e+002  0.0000000e+000  6.9843826e+002
  4.5800000e+003  3.3398330e+002  0.0000000e+000  7.1247214e+002
  4.5900000e+003  3.4858761e+002  0.0000000e+000  7.5842041e+002
  4.6000000e+003  1.7824322e+002  0.0000000e+000  7.9403846e+002
  4.6100000e+003  7.5059380e+001  0.0000000e+000  8.1932577e+002
  4.6200000e+003  7.5000000e+001  0.0000000e+000  7.7564871e+002
  4.6300000e+003  2.1435196e+002  0.0000000e+000  7.3590873e+002
  4.6400000e+003  3.3396988e+002  0.0000000e+000  7.3664406e+002
  4.6500000e+003  3.7826936e+002  0.0000000e+000  7.7717865e+002
  4.6600000e+003  2.5790026e+002  0.0000000e+000  7.8131845e+002
  4.6700000e+003  2.7945472e+002  0.0000000e+000  7.8731999e+002
  4.6800000e+003  2.8757600e+002  0.0000000e+000  7.5074065e+002
  4.6900000e+003  2.8986738e+002  0.0000000e+000  7.0520955e+002
  4.7000000e+003  1.9100559e+002  0.0000000e+000  6.9258777e+002
  4.7100000e+003  1.4690075e+002  0.0000000e+000  7.3864585e+002
  4.7200000e+003  7.5840979e+001  0.0000000e+000  7.8573086e+002
  4.7300000e+003  7.5000005e+001  0.0000000e+000  8.0471849e+002
  4.7400000e+003  7.5000000e+001  0.0000000e+000  7.7815225e+002
  4.7500000e+003  7.5000000e+001  0.0000000e+000  7.3045702e+002
  4.7600000e+003  7.5000000e+001  0.0000000e+000  7.4159433e+002
  4.7700000e+003  7.5000000e+001  0.0000000e+000  7.6230478e+002
  4.7800000e+003  1.9318863e+002  0.0000000e+000  8.0965626e+002
  4.7900000e+003  2.7661402e+002  0.0000000e+000  8.4011569e+002
  4.8000000e+003  3.0744678e+002  0.0000000e+000  8.2567880e+002
  4.8100000e+003  2.0237673e+002  0.0000000e+000  7.5461393e+002
  4.8200000e+003  1.3368410e+002  0.0000000e+000  7.1927704e+002
  4.8300000e+003  9.8460309e+001  0.0000000e+000  7.2715306e+002
  4.8400000e+003  1.4910927e+002  0.0000000e+000  7.7099967e+002
  4.8500000e+003  1.8171844e+002  0.0000000e+000  8.1050451e+002
  4.8600000e+003  1.9279104e+002  0.0000000e+000  8.3000092e+002
  4.8700000e+003  7.9235898e+001  0.0000000e+000  7.8924622e+002
  4.8800000e+003  7.5000026e+001  0.0000000e+000  7.4636299e+002
  4.8900000e+003  7.5000000e+001  0.0000000e+000  7.4077881e+002
  4.9000000e+003  1.9457813e+002  0.0000000e+000  7.7762776e+002
  4.9100000e+003  3.1152941e+002  0.0000000e+000  8.6555388e+002
  4.9200000e+003  3.5465826e+002  0.0000000e+000  8.7776990e+002
  4.9300000e+003  2.2673809e+002  0.0000000e+000  8.4556518e+002
  4.9400000e+003  1.4257570e+002  0.0000000e+000  7.9855053e+002
  4.9500000e+003  1.1131845e+002  0.0000000e+000  7.7995100e+002
  4.9600000e+003  2.3102504e+002  0.0000000e+000  7.0907563e+002
  4.9700000e+003  3.0891929e+002  0.0000000e+000  7.5675618e+002
  4.9800000e+003  3.3784475e+002  0.0000000e+000  7.8136889e+002
  4.9900000e+003  3.3941393e+002  0.0000000e+000  7.6028051e+002
  5.0000000e+003  3.3764983e+002  0.0000000e+000  7.1287959e+002
  5.0100000e+003  3.3698220e+002  0.0000000e+000  7.5127234e+002
  5.0200000e+003  2.6229594e+002  0.0000000e+000  7.6611422e+002
  5.0300000e+003  2.1561182e+002  0.0000000e+000  8.1228233e+002
  5.0400000e+003  1.9828464e+002  0.0000000e+000  8.4733302e+002
  5.0500000e+003  2.2939500e+002  0.0000000e+000  8.3904086e+002
  5.0600000e+003  2.5051264e+002  0.0000000e+000  7.6814576e+002
  5.0700000e+003  2.5835845e+002  0.0000000e+000  7.2887795e+002
  5.0800000e+003  2.1118938e+002  0.0000000e+000  7.3045753e+002
  5.0900000e+003  1.8092047e+002  0.0000000e+000  7.7143103e+002
  5.1000000e+003  1.6968224e+002  0.0000000e+000  8.1412760e+002
  5.1100000e+003  1.6185802e+002  0.0000000e+000  8.3567243e+002
  5.1200000e+003  1.5802768e+002  0.0000000e+000  7.9855751e+002
  5.1300000e+003  1.5661099e+002  0.0000000e+000  7.5328554e+002
  5.1400000e+003  2.7784654e+002  0.0000000e+000  7.4148010e+002
  5.1500000e+003  3.5386462e+002  0.0000000e+000  7.7399507e+002
  5.1600000e+003  3.8208044e+002  0.0000000e+000  8.6568888e+002
  5.1700000e+003  3.0361494e+002  0.0000000e+000  8.8390088e+002
  5.1800000e+003  2.5182305e+002  0.0000000e+000  8.5663741e+002
  5.1900000e+003  2.3258720e+002  0.0000000e+000  8.0896640e+002
  5.2000000e+003  1.3401125e+002  0.0000000e+000  7.8471636e+002
  5.2100000e+003  7.5004721e+001  0.0000000e+000  8.0889420e+002
  5.2200000e+003  7.5000000e+001  0.0000000e+000  8.5634095e+002
  5.2300000e+003  2.5766666e+002  0.0000000e+000  8.8614568e+002
  5.2400000e+003  3.8865060e+002  0.0000000e+000  8.7090619e+002
  5.2500000e+003  2.5281165e+002  0.0000000e+000  8.2463359e+002
  5.2600000e+003  2.4444476e+002  0.0000000e+000  7.6031648e+002
  5.2700000e+003  1.2028829e+002  0.0000000e+000  7.6902279e+002
  5.2800000e+003  7.5000866e+001  0.0000000e+000  8.1319522e+002
  5.2900000e+003  1.7418634e+002  0.0000000e+000  8.5222049e+002
  5.3000000e+003  2.4265884e+002  0.0000000e+000  8.5021896e+002
  5.3100000e+003  2.6779400e+002  0.0000000e+000  7.9869038e+002
  5.3200000e+003  1.7529337e+002  0.0000000e+000  7.5618335e+002
  5.3300000e+003  1.1500908e+002  0.0000000e+000  7.5143871e+002
  5.3400000e+003  7.5001457e+001  0.0000000e+000  7.8881819e+002
  5.3500000e+003  7.5000000e+001  0.0000000e+000  8.3395527e+002
  5.3600000e+003  1.5079314e+002  0.0000000e+000  7.7921277e+002
  5.3700000e+003  1.5973910e+002  0.0000000e+000  7.4638710e+002
  5.3800000e+003  2.1995276e+002  0.0000000e+000  6.9952292e+002
  5.3900000e+003  2.5680380e+002  0.0000000e+000  6.8170394e+002
  5.4000000e+003  2.7047766e+002  0.0000000e+000  7.0931284e+002
  5.4100000e+003  3.2786128e+002  0.0000000e+000  7.6027920e+002
  5.4200000e+003  3.6248053e+002  0.0000000e+000  7.8416481e+002
  5.4300000e+003  3.7532388e+002  0.0000000e+000  7.6232226e+002
  5.4400000e+003  2.6838814e+002  0.0000000e+000  7.1483364e+002
  5.4500000e+003  2.0023570e+002  0.0000000e+000  6.8535976e+002
  5.4600000e+003  1.7493424e+002  0.0000000e+000  8.1577364e+002
  5.4700000e+003  2.1999416e+002  0.0000000e+000  8.6215232e+002
  5.4800000e+003  2.5060019e+002  0.0000000e+000  8.9662468e+002
  5.4900000e+003  2.6197131e+002  0.0000000e+000  8.8750221e+002
  5.5000000e+003  2.2137631e+002  0.0000000e+000  8.4317206e+002
  5.5100000e+003  1.9488753e+002  0.0000000e+000  7.1738847e+002
  5.5200000e+003  1.8505078e+002  0.0000000e+000  7.1980786e+002
  5.5300000e+003  2.0054324e+002  0.0000000e+000  7.6120742e+002
  5.5400000e+003  2.1117418e+002  0.0000000e+000  8.0352065e+002
  5.5500000e+003  2.1512439e+002  0.0000000e+000  8.0784495e+002
  5.5600000e+003  1.1949640e+002  0.0000000e+000  7.4993239e+002
  5.5700000e+003  7.5000469e+001  0.0000000e+000  7.0493282e+002
  5.5800000e+003  7.5000000e+001  0.0000000e+000  6.9394744e+002
  5.5900000e+003  7.5000000e+001  0.0000000e+000  7.2707523e+002
  5.6000000e+003  1.6410439e+002  0.0000000e+000  7.7385866e+002
  5.6100000e+003  1.8281600e+002  0.0000000e+000  7.8684168e+002
  5.6200000e+003  3.1970358e+002  0.0000000e+000  7.5888931e+002
  5.6300000e+003  4.0361108e+002  0.0000000e+000  7.1125747e+002
  5.6400000e+003  2.5130824e+002  0.0000000e+000  6.8773845e+002
  5.6500000e+003  2.5856151e+002  0.0000000e+000  7.0995553e+002
  5.6600000e+003  1.4695349e+002  0.0000000e+000  8.4132863e+002
  5.6700000e+003  7.9505928e+001  0.0000000e+000  8.7047314e+002
  5.6800000e+003  7.5000028e+001  0.0000000e+000  8.5443582e+002
  5.6900000e+003  7.5000000e+001  0.0000000e+000  8.0796512e+002
  5.7000000e+003  7.5000000e+001  0.0000000e+000  7.7378597e+002
  5.7100000e+003  2.3948513e+002  0.0000000e+000  7.2210535e+002
  5.7200000e+003  3.8272474e+002  0.0000000e+000  7.6658697e+002
  5.7300000e+003  2.5205908e+002  0.0000000e+000  8.0512045e+002
  5.7400000e+003  2.4427340e+002  0.0000000e+000  8.0227551e+002
  5.7500000e+003  2.3657207e+002  0.0000000e+000  7.6066776e+002
  5.7600000e+003  2.3369997e+002  0.0000000e+000  6.9890677e+002
  5.7700000e+003  2.1502344e+002  0.0000000e+000  6.9500226e+002
  5.7800000e+003  2.0360616e+002  0.0000000e+000  7.3290056e+002
  5.7900000e+003  1.9936975e+002  0.0000000e+000  7.7775726e+002
  5.8000000e+003  1.7132562e+002  0.0000000e+000  7.8833131e+002
  5.8100000e+003  7.5027497e+001  0.0000000e+000  7.6710312e+002
  5.8200000e+003  7.5000000e+001  0.0000000e+000  7.2040465e+002
  5.8300000e+003  2.4097329e+002  0.0000000e+000  7.0337180e+002
  5.8400000e+003  3.8126714e+002  0.0000000e+000  7.3166504e+002
  5.8500000e+003  2.5068360e+002  0.0000000e+000  7.7927170e+002
  5.8600000e+003  2.7734556e+002  0.0000000e+000  8.7901347e+002
  5.8700000e+003  1.7852380e+002  0.0000000e+000  8.5642707e+002
  5.8800000e+003  1.4096963e+002  0.0000000e+000  8.0886562e+002
  5.8900000e+003  7.5074991e+001  0.0000000e+000  7.8006037e+002
  5.9000000e+003  7.5000000e+001  0.0000000e+000  7.9649473e+002
  5.9100000e+003  7.5000000e+001  0.0000000e+000  7.8647660e+002
  5.9200000e+003  7.5000000e+001  0.0000000e+000  8.2035727e+002
  5.9300000e+003  7.5000000e+001  0.0000000e+000  8.1040735e+002
  5.9400000e+003  7.5000000e+001  0.0000000e+000  7.6577218e+002
  5.9500000e+003  1.8530042e+002  0.0000000e+000  7.2748914e+002
  5.9600000e+003  2.3986129e+002  0.0000000e+000  7.9392034e+002
  5.9700000e+003  2.6005734e+002  0.0000000e+000  8.3573586e+002
  5.9800000e+003  2.9127308e+002  0.0000000e+000  8.7765248e+002
  5.9900000e+003  3.0889414e+002  0.0000000e+000  8.8113512e+002
  6.0000000e+003  3.1542547e+002  0.0000000e+000  8.4298185e+002
  6.0100000e+003  2.8274105e+002  0.0000000e+000  7.3985462e+002
  6.0200000e+003  2.6166318e+002  0.0000000e+000  7.2969007e+002
  6.0300000e+003  2.5383693e+002  0.0000000e+000  7.6342031e+002
  6.0400000e+003  2.1244890e+002  0.0000000e+000  8.1003126e+002
  6.0500000e+003  1.8728641e+002  0.0000000e+000  8.2666903e+002
  6.0600000e+003  1.7795048e+002  0.0000000e+000  7.5403314e+002
  6.0700000e+003  3.4043865e+002  0.0000000e+000  7.0645340e+002
  6.0800000e+003  2.5673492e+002  0.0000000e+000  6.8367277e+002
  6.0900000e+003  2.7809917e+002  0.0000000e+000  7.0663366e+002
  6.1000000e+003  2.8900859e+002  0.0000000e+000  7.5422594e+002
  6.1100000e+003  1.8100740e+002  0.0000000e+000  8.8031548e+002
  6.1200000e+003  1.3728493e+002  0.0000000e+000  8.6348980e+002
  6.1300000e+003  1.8162517e+002  0.0000000e+000  8.1683555e+002
  6.1400000e+003  2.1352970e+002  0.0000000e+000  7.8325087e+002
  6.1500000e+003  2.2539096e+002  0.0000000e+000  7.9361336e+002
  6.1600000e+003  1.6322076e+002  0.0000000e+000  7.6229130e+002
  6.1700000e+003  1.2318111e+002  0.0000000e+000  8.0031746e+002
  6.1800000e+003  1.0831455e+002  0.0000000e+000  7.9663000e+002
  6.1900000e+003  1.9435766e+002  0.0000000e+000  7.5461570e+002
  6.2000000e+003  2.4962511e+002  0.0000000e+000  7.1290232e+002
  6.2100000e+003  2.7014503e+002  0.0000000e+000  7.6147195e+002
  6.2200000e+003  1.3618808e+002  0.0000000e+000  7.9987954e+002
  6.2300000e+003  7.5001656e+001  0.0000000e+000  8.4444180e+002
  6.2400000e+003  7.5000000e+001  0.0000000e+000  8.5419074e+002
  6.2500000e+003  1.6436095e+002  0.0000000e+000  8.2016323e+002
  6.2600000e+003  2.6387942e+002  0.0000000e+000  7.3756250e+002
  6.2700000e+003  2.9963906e+002  0.0000000e+000  7.2131949e+002
  6.2800000e+003  1.7124601e+002  0.0000000e+000  7.5028820e+002
  6.2900000e+003  7.5234789e+001  0.0000000e+000  7.9783331e+002
  6.3000000e+003  7.5000001e+001  0.0000000e+000  8.2024206e+002
  6.3100000e+003  1.5325208e+002  0.0000000e+000  7.8922933e+002
  6.3200000e+003  2.2404552e+002  0.0000000e+000  7.4160961e+002
  6.3300000e+003  2.4868988e+002  0.0000000e+000  7.1348200e+002
  6.3400000e+003  1.4910095e+002  0.0000000e+000  7.3070656e+002
  6.3500000e+003  7.5045712e+001  0.0000000e+000  7.7744710e+002
  6.3600000e+003  7.5000000e+001  0.0000000e+000  8.8494330e+002
  6.3700000e+003  7.5000000e+001  0.0000000e+000  8.7417242e+002
  6.3800000e+003  7.5000000e+001  0.0000000e+000  8.2924622e+002
  6.3900000e+003  7.5000000e+001  0.0000000e+000  7.9147303e+002
  6.4000000e+003  7.5000000e+001  0.0000000e+000  7.9558133e+002
  6.4100000e+003  7.5000000e+001  0.0000000e+000  8.5016419e+002
  6.4200000e+003  7.5000000e+001  0.0000000e+000  8.9167163e+002
  6.4300000e+003  7.5000000e+001  0.0000000e+000  8.9431151e+002
  6.4400000e+003  7.5000000e+001  0.0000000e+000  8.5565730e+002
  6.4500000e+003  7.5000000e+001  0.0000000e+000  8.1124750e+002
  6.4600000e+003  1.9870186e+002  0.0000000e+000  7.7173596e+002
  6.4700000e+003  2.8427236e+002  0.0000000e+000  8.0605671e+002
  6.4800000e+003  3.1593359e+002  0.0000000e+000  8.5248057e+002
  6.4900000e+003  3.5953005e+002  0.0000000e+000  8.6832429e+002
  6.5000000e+003  3.8381190e+002  0.0000000e+000  8.3902123e+002
  6.5100000e+003  3.9281038e+002  0.0000000e+000  7.2655167e+002
  6.5200000e+003  2.9815760e+002  0.0000000e+000  7.0451362e+002
  6.5300000e+003  3.4213761e+002  0.0000000e+000  7.2821113e+002
  6.5400000e+003  3.5846567e+002  0.0000000e+000  7.7585387e+002
  6.5500000e+003  3.0524922e+002  0.0000000e+000  8.0363933e+002
  6.5600000e+003  2.7038983e+002  0.0000000e+000  7.8343374e+002
  6.5700000e+003  2.5744401e+002  0.0000000e+000  7.3661046e+002
  6.5800000e+003  2.1987064e+002  0.0000000e+000  7.0363077e+002
  6.5900000e+003  7.5555203e+001  0.0000000e+000  7.1481594e+002
  6.6000000e+003  7.5000003e+001  0.0000000e+000  7.5988237e+002
  6.6100000e+003  7.5000000e+001  0.0000000e+000  8.5448971e+002
  6.6200000e+003  7.5000000e+001  0.0000000e+000  8.4996348e+002
  6.6300000e+003  7.5000000e+001  0.0000000e+000  8.0755580e+002
  6.6400000e+003  1.4703939e+002  0.0000000e+000  7.6625867e+002
  6.6500000e+003  2.1697293e+002  0.0000000e+000  7.6404050e+002
  6.6600000e+003  2.4056302e+002  0.0000000e+000  7.3404517e+002
  6.6700000e+003  1.2167874e+002  0.0000000e+000  7.7829590e+002
  6.6800000e+003  7.5000437e+001  0.0000000e+000  7.8721667e+002
  6.6900000e+003  7.5000000e+001  0.0000000e+000  7.5260264e+002
  6.7000000e+003  7.5000000e+001  0.0000000e+000  7.0627778e+002
  6.7100000e+003  1.7799583e+002  0.0000000e+000  7.4083020e+002
  6.7200000e+003  2.0170034e+002  0.0000000e+000  7.7046758e+002
  6.7300000e+003  1.7855054e+002  0.0000000e+000  8.1793624e+002
  6.7400000e+003  1.6181084e+002  0.0000000e+000  8.3959598e+002
  6.7500000e+003  1.5558713e+002  0.0000000e+000  8.1553294e+002
  6.7600000e+003  2.5844579e+002  0.0000000e+000  7.8772203e+002
  6.7700000e+003  3.2341786e+002  0.0000000e+000  7.6028179e+002
  6.7800000e+003  3.4753593e+002  0.0000000e+000  7.7829115e+002
  6.7900000e+003  3.8213426e+002  0.0000000e+000  8.2519328e+002
  6.8000000e+003  4.0150017e+002  0.0000000e+000  8.5786658e+002
  6.8100000e+003  4.0867738e+002  0.0000000e+000  8.0084274e+002
  6.8200000e+003  2.6015436e+002  0.0000000e+000  7.5563754e+002
  6.8300000e+003  2.7471503e+002  0.0000000e+000  7.1838602e+002
  6.8400000e+003  2.8012223e+002  0.0000000e+000  7.2333501e+002
  6.8500000e+003  2.0985531e+002  0.0000000e+000  7.6593441e+002
  6.8600000e+003  2.8604738e+002  0.0000000e+000  7.9999866e+002
  6.8700000e+003  2.5749892e+002  0.0000000e+000  8.0179464e+002
  6.8800000e+003  2.4325625e+002  0.0000000e+000  7.6265160e+002
  6.8900000e+003  2.3705447e+002  0.0000000e+000  7.1855714e+002
  6.9000000e+003  2.3476529e+002  0.0000000e+000  7.1005152e+002
  6.9100000e+003  2.7901971e+002  0.0000000e+000  7.9914234e+002
  6.9200000e+003  3.1472659e+002  0.0000000e+000  8.4536702e+002
  6.9300000e+003  3.4033539e+002  0.0000000e+000  8.6041173e+002
  6.9400000e+003  3.7511017e+002  0.0000000e+000  8.3044689e+002
  6.9500000e+003  3.9444496e+002  0.0000000e+000  7.8302204e+002
  6.9600000e+003  4.0160996e+002  0.0000000e+000  7.4078743e+002
  6.9700000e+003  2.5858555e+002  0.0000000e+000  7.6521317e+002
  6.9800000e+003  2.9020160e+002  0.0000000e+000  8.1289145e+002
  6.9900000e+003  2.3337833e+002  0.0000000e+000  8.3998612e+002
  7.0000000e+003  2.7316006e+002  0.0000000e+000  8.2158647e+002
  7.0100000e+003  3.0355977e+002  0.0000000e+000  7.9320133e+002
  7.0200000e+003  3.1486881e+002  0.0000000e+000  7.6083782e+002
  7.0300000e+003  1.9187462e+002  0.0000000e+000  7.7284216e+002
  7.0400000e+003  1.1381652e+002  0.0000000e+000  8.1817846e+002
  7.0500000e+003  7.5000482e+001  0.0000000e+000  8.5516474e+002
  7.0600000e+003  1.8788116e+002  0.0000000e+000  8.6927309e+002
  7.0700000e+003  2.5552096e+002  0.0000000e+000  8.2648619e+002
  7.0800000e+003  2.8054969e+002  0.0000000e+000  7.8561827e+002
  7.0900000e+003  3.7228228e+002  0.0000000e+000  7.8424399e+002
  7.1000000e+003  2.4835243e+002  0.0000000e+000  8.2362686e+002
  7.1100000e+003  2.5880993e+002  0.0000000e+000  8.8722623e+002
  7.1200000e+003  2.9322401e+002  0.0000000e+000  8.9531693e+002
  7.1300000e+003  2.0691361e+002  0.0000000e+000  8.6012722e+002
  7.1400000e+003  1.7205153e+002  0.0000000e+000  8.1401126e+002
  7.1500000e+003  2.4152840e+002  0.0000000e+000  7.9936784e+002
  7.1600000e+003  2.8832517e+002  0.0000000e+000  7.8733073e+002
  7.1700000e+003  3.0570996e+002  0.0000000e+000  8.3470614e+002
  7.1800000e+003  3.0129212e+002  0.0000000e+000  8.5561008e+002
  7.1900000e+003  2.9687633e+002  0.0000000e+000  8.3082165e+002
  7.2000000e+003  2.9522961e+002  0.0000000e+000  7.8313121e+002
  7.2100000e+003  2.1971028e+002  0.0000000e+000  7.8991271e+002
  7.2200000e+003  1.7259768e+002  0.0000000e+000  8.0870274e+002
  7.2300000e+003  1.5511190e+002  0.0000000e+000  8.5575177e+002
  7.2400000e+003  1.5831923e+002  0.0000000e+000  8.8780465e+002
  7.2500000e+003  1.6198689e+002  0.0000000e+000  8.7539212e+002
  7.2600000e+003  1.6335597e+002  0.0000000e+000  7.6647733e+002
  7.2700000e+003  2.7493864e+002  0.0000000e+000  7.2975630e+002
  7.2800000e+003  3.5307437e+002  0.0000000e+000  7.3554441e+002
  7.2900000e+003  3.9001364e+002  0.0000000e+000  7.7851723e+002
  7.3000000e+003  2.1430923e+002  0.0000000e+000  8.1916574e+002
  7.3100000e+003  1.7442581e+002  0.0000000e+000  7.7126115e+002
  7.3200000e+003  7.7781497e+001  0.0000000e+000  7.3163932e+002
  7.3300000e+003  7.5000017e+001  0.0000000e+000  6.8787403e+002
  7.3400000e+003  1.5833524e+002  0.0000000e+000  6.8020068e+002
  7.3500000e+003  1.6807147e+002  0.0000000e+000  7.1567410e+002
  7.3600000e+003  7.5738939e+001  0.0000000e+000  8.9088972e+002
  7.3700000e+003  7.5000005e+001  0.0000000e+000  9.0513657e+002
  7.3800000e+003  7.5000000e+001  0.0000000e+000  8.7451934e+002
  7.3900000e+003  9.9185885e+001  0.0000000e+000  8.2719324e+002
  7.4000000e+003  2.1748307e+002  0.0000000e+000  8.0666967e+002
  7.4100000e+003  2.4735177e+002  0.0000000e+000  7.7337303e+002
  7.4200000e+003  3.1423260e+002  0.0000000e+000  8.2106925e+002
  7.4300000e+003  3.5325876e+002  0.0000000e+000  8.4746463e+002
  7.4400000e+003  3.6773059e+002  0.0000000e+000  8.2828874e+002
  7.4500000e+003  2.6814480e+002  0.0000000e+000  7.8117180e+002
  7.4600000e+003  2.0443823e+002  0.0000000e+000  7.9275514e+002
  7.4700000e+003  1.8078619e+002  0.0000000e+000  8.0557685e+002
  7.4800000e+003  2.7107133e+002  0.0000000e+000  8.5116882e+002
  7.4900000e+003  3.2982806e+002  0.0000000e+000  8.8761597e+002
  7.5000000e+003  3.5164698e+002  0.0000000e+000  8.8140896e+002
  7.5100000e+003  2.3840991e+002  0.0000000e+000  7.2970090e+002
  7.5200000e+003  1.6546117e+002  0.0000000e+000  6.8927005e+002
  7.5300000e+003  1.3837550e+002  0.0000000e+000  6.8874011e+002
  7.5400000e+003  3.5456024e+002  0.0000000e+000  7.2859335e+002
  7.5500000e+003  2.8467049e+002  0.0000000e+000  7.7218890e+002
  7.5600000e+003  3.1424055e+002  0.0000000e+000  8.1378832e+002
  7.5700000e+003  2.3983158e+002  0.0000000e+000  7.7803553e+002
  7.5800000e+003  1.9844465e+002  0.0000000e+000  7.3214290e+002
  7.5900000e+003  2.9774227e+002  0.0000000e+000  7.1830547e+002
  7.6000000e+003  3.7798804e+002  0.0000000e+000  7.4924531e+002
  7.6100000e+003  2.4969439e+002  0.0000000e+000  8.3383745e+002
  7.6200000e+003  2.6069503e+002  0.0000000e+000  8.5398074e+002
  7.6300000e+003  3.5694729e+002  0.0000000e+000  8.2847469e+002
  7.6400000e+003  4.0624802e+002  0.0000000e+000  7.8077113e+002
  7.6500000e+003  2.6101257e+002  0.0000000e+000  7.5472850e+002
  7.6600000e+003  1.9766671e+002  0.0000000e+000  8.1707446e+002
  7.6700000e+003  2.6311859e+002  0.0000000e+000  8.6425757e+002
  7.6800000e+003  2.3763881e+002  0.0000000e+000  8.9567999e+002
  7.6900000e+003  2.8704545e+002  0.0000000e+000  8.8245403e+002
  7.7000000e+003  3.2038932e+002  0.0000000e+000  8.3673957e+002
  7.7100000e+003  3.3277670e+002  0.0000000e+000  7.4023999e+002
  7.7200000e+003  2.6629458e+002  0.0000000e+000  7.4686268e+002
  7.7300000e+003  2.2350608e+002  0.0000000e+000  7.9019544e+002
  7.7400000e+003  2.0761901e+002  0.0000000e+000  8.3039559e+002
  7.7500000e+003  2.8515752e+002  0.0000000e+000  8.3050329e+002
  7.7600000e+003  2.4166486e+002  0.0000000e+000  8.3826718e+002
  7.7700000e+003  2.2548155e+002  0.0000000e+000  7.9484695e+002
  7.7800000e+003  1.4996862e+002  0.0000000e+000  7.8800827e+002
  7.7900000e+003  7.8372948e+001  0.0000000e+000  8.2404075e+002
  7.8000000e+003  7.5000021e+001  0.0000000e+000  8.6981631e+002
  7.8100000e+003  1.1307623e+002  0.0000000e+000  7.8438861e+002
  7.8200000e+003  1.7811278e+002  0.0000000e+000  7.5312410e+002
  7.8300000e+003  1.9146760e+002  0.0000000e+000  7.0591159e+002
  7.8400000e+003  3.7159774e+002  0.0000000e+000  6.8615355e+002
  7.8500000e+003  2.7924656e+002  0.0000000e+000  7.1201543e+002
  7.8600000e+003  3.0314893e+002  0.0000000e+000  8.3402876e+002
  7.8700000e+003  2.9253901e+002  0.0000000e+000  8.5971997e+002
  7.8800000e+003  2.8362764e+002  0.0000000e+000  8.3977384e+002
  7.8900000e+003  2.8030942e+002  0.0000000e+000  7.9253214e+002
  7.9000000e+003  2.6474077e+002  0.0000000e+000  7.6142866e+002
  7.9100000e+003  1.3175059e+002  0.0000000e+000  6.9308849e+002
  7.9200000e+003  7.5006599e+001  0.0000000e+000  7.3891812e+002
  7.9300000e+003  1.5568460e+002  0.0000000e+000  7.7481471e+002
  7.9400000e+003  2.1154901e+002  0.0000000e+000  7.6777138e+002
  7.9500000e+003  2.3125682e+002  0.0000000e+000  7.2426373e+002
  7.9600000e+003  1.1674608e+002  0.0000000e+000  7.9392668e+002
  7.9700000e+003  7.5000256e+001  0.0000000e+000  7.9424620e+002
  7.9800000e+003  7.5000000e+001  0.0000000e+000  8.3455734e+002
  7.9900000e+003  1.8298126e+002  0.0000000e+000  8.7780319e+002
  8.0000000e+003  2.9231017e+002  0.0000000e+000  8.8422372e+002
  8.0100000e+003  3.3240970e+002  0.0000000e+000  8.0220510e+002
  8.0200000e+003  2.6650859e+002  0.0000000e+000  7.5654812e+002
  8.0300000e+003  2.7450589e+002  0.0000000e+000  7.4352102e+002
  8.0400000e+003  2.8576125e+002  0.0000000e+000  7.7509877e+002
  8.0500000e+003  2.8995794e+002  0.0000000e+000  8.2224894e+002
  8.0600000e+003  1.8727184e+002  0.0000000e+000  8.1194907e+002
  8.0700000e+003  1.4296214e+002  0.0000000e+000  7.8573204e+002
  8.0800000e+003  7.5042640e+001  0.0000000e+000  7.3803031e+002
  8.0900000e+003  7.5000000e+001  0.0000000e+000  7.1269929e+002
  8.1000000e+003  7.5000000e+001  0.0000000e+000  7.3302820e+002
  8.1100000e+003  1.6373976e+002  0.0000000e+000  8.7415920e+002
  8.1200000e+003  2.6737613e+002  0.0000000e+000  9.0494557e+002
  8.1300000e+003  3.0461172e+002  0.0000000e+000  8.9091032e+002
  8.1400000e+003  3.0084889e+002  0.0000000e+000  8.4496166e+002
  8.1500000e+003  3.7634507e+002  0.0000000e+000  8.0934457e+002
  8.1600000e+003  4.0448434e+002  0.0000000e+000  7.1347065e+002
  8.1700000e+003  2.9086749e+002  0.0000000e+000  7.5714508e+002
  8.1800000e+003  2.1708100e+002  0.0000000e+000  7.9688427e+002
  8.1900000e+003  1.8968159e+002  0.0000000e+000  7.9614750e+002
  8.2000000e+003  2.9163199e+002  0.0000000e+000  7.5561215e+002
  8.2100000e+003  2.7327718e+002  0.0000000e+000  8.1441823e+002
  8.2200000e+003  2.6648525e+002  0.0000000e+000  8.0842098e+002
  8.2300000e+003  2.6282949e+002  0.0000000e+000  8.4500124e+002
  8.2400000e+003  2.6118608e+002  0.0000000e+000  8.9053191e+002
  8.2500000e+003  2.6057913e+002  0.0000000e+000  9.0315230e+002
  8.2600000e+003  3.1460703e+002  0.0000000e+000  8.4336551e+002
  8.2700000e+003  3.4848172e+002  0.0000000e+000  7.9628011e+002
  8.2800000e+003  3.6105507e+002  0.0000000e+000  7.7729379e+002
  8.2900000e+003  2.6433702e+002  0.0000000e+000  8.0386123e+002
  8.3000000e+003  2.9748197e+002  0.0000000e+000  8.5155643e+002
  8.3100000e+003  3.1000644e+002  0.0000000e+000  8.1729373e+002
  8.3200000e+003  2.8848698e+002  0.0000000e+000  7.9658094e+002
  8.3300000e+003  2.7382845e+002  0.0000000e+000  7.4922928e+002
  8.3400000e+003  2.6838216e+002  0.0000000e+000  7.1877096e+002
  8.3500000e+003  2.8230829e+002  0.0000000e+000  7.3320922e+002
  8.3600000e+003  2.3500587e+002  0.0000000e+000  8.5193567e+002
  8.3700000e+003  2.0245181e+002  0.0000000e+000  8.8727375e+002
  8.3800000e+003  2.0753891e+002  0.0000000e+000  8.7939632e+002
  8.3900000e+003  2.1381379e+002  0.0000000e+000  8.3554914e+002
  8.4000000e+003  2.1615728e+002  0.0000000e+000  7.9604511e+002
  8.4100000e+003  2.3541437e+002  0.0000000e+000  8.2160663e+002
  8.4200000e+003  2.4724522e+002  0.0000000e+000  8.6236413e+002
  8.4300000e+003  2.5163537e+002  0.0000000e+000  9.0524673e+002
  8.4400000e+003  1.6485633e+002  0.0000000e+000  9.1082948e+002
  8.4500000e+003  1.1012290e+002  0.0000000e+000  8.7397962e+002
  8.4600000e+003  7.5000228e+001  0.0000000e+000  8.0449891e+002
  8.4700000e+003  2.4388297e+002  0.0000000e+000  7.9228512e+002
  8.4800000e+003  3.4229881e+002  0.0000000e+000  8.2449090e+002
  8.4900000e+003  3.7882552e+002  0.0000000e+000  8.7150531e+002
  8.5000000e+003  3.1229816e+002  0.0000000e+000  8.9010351e+002
  8.5100000e+003  2.6718950e+002  0.0000000e+000  8.4634429e+002
  8.5200000e+003  2.5043054e+002  0.0000000e+000  7.9865858e+002
  8.5300000e+003  3.5629275e+002  0.0000000e+000  7.7404710e+002
  8.5400000e+003  2.5084399e+002  0.0000000e+000  7.9513677e+002
  8.5500000e+003  2.5973231e+002  0.0000000e+000  8.4253785e+002
  8.5600000e+003  2.9149186e+002  0.0000000e+000  8.4673919e+002
  8.5700000e+003  2.3345911e+002  0.0000000e+000  8.3189787e+002
  8.5800000e+003  2.0205652e+002  0.0000000e+000  7.8572941e+002
  8.5900000e+003  3.3863998e+002  0.0000000e+000  7.5067968e+002
  8.6000000e+003  2.5221053e+002  0.0000000e+000  7.5897326e+002
  8.6100000e+003  2.6587462e+002  0.0000000e+000  8.5588054e+002
  8.6200000e+003  2.3097134e+002  0.0000000e+000  8.9514872e+002
  8.6300000e+003  7.6014760e+001  0.0000000e+000  8.9356770e+002
  8.6400000e+003  7.5000006e+001  0.0000000e+000  8.5259347e+002
  8.6500000e+003  2.6559751e+002  0.0000000e+000  8.0989754e+002
  8.6600000e+003  2.8713912e+002  0.0000000e+000  7.4401663e+002
  8.6700000e+003  2.7381872e+002  0.0000000e+000  7.8113044e+002
  8.6800000e+003  2.3913895e+002  0.0000000e+000  8.2640196e+002
  8.6900000e+003  7.6551891e+001  0.0000000e+000  8.3820600e+002
  8.7000000e+003  7.5000010e+001  0.0000000e+000  8.0568998e+002
  8.7100000e+003  7.5000000e+001  0.0000000e+000  7.2119422e+002
  8.7200000e+003  7.5000000e+001  0.0000000e+000  7.0298387e+002
  8.7300000e+003  7.5000000e+001  0.0000000e+000  7.3024853e+002
  8.7400000e+003  7.5000000e+001  0.0000000e+000  7.7791948e+002
  8.7500000e+003  1.9005001e+002  0.0000000e+000  8.0216828e+002
  8.7600000e+003  2.1071998e+002  0.0000000e+000  8.2852391e+002
  8.7700000e+003  8.9031507e+001  0.0000000e+000  7.8107931e+002
  8.7800000e+003  7.5000086e+001  0.0000000e+000  7.5127569e+002
  8.7900000e+003  7.5000000e+001  0.0000000e+000  7.6651655e+002
  8.8000000e+003  1.3942317e+002  0.0000000e+000  8.1278950e+002
  8.8100000e+003  2.3803783e+002  0.0000000e+000  8.5325253e+002
  8.8200000e+003  2.7052780e+002  0.0000000e+000  8.4454371e+002
  8.8300000e+003  2.8881699e+002  0.0000000e+000  8.0037074e+002
  8.8400000e+003  2.9717985e+002  0.0000000e+000  7.6134630e+002
  8.8500000e+003  3.0026940e+002  0.0000000e+000  7.6334927e+002
  8.8600000e+003  3.6362776e+002  0.0000000e+000  7.5277861e+002
  8.8700000e+003  4.0299163e+002  0.0000000e+000  7.9528217e+002
  8.8800000e+003  2.4452561e+002  0.0000000e+000  8.0002538e+002
  8.8900000e+003  2.8257349e+002  0.0000000e+000  7.6264501e+002
  8.9000000e+003  1.9976447e+002  0.0000000e+000  7.1750839e+002
  8.9100000e+003  1.6831594e+002  0.0000000e+000  7.1342678e+002
  8.9200000e+003  2.2282722e+002  0.0000000e+000  7.4625082e+002
  8.9300000e+003  2.5993266e+002  0.0000000e+000  7.9311473e+002
  8.9400000e+003  2.7371885e+002  0.0000000e+000  8.1093238e+002
  8.9500000e+003  2.6505081e+002  0.0000000e+000  7.8332231e+002
  8.9600000e+003  2.5831640e+002  0.0000000e+000  7.2540508e+002
  8.9700000e+003  2.5581070e+002  0.0000000e+000  7.0152039e+002
  8.9800000e+003  2.9156587e+002  0.0000000e+000  7.2336422e+002
  8.9900000e+003  3.1418360e+002  0.0000000e+000  7.7085298e+002
  9.0000000e+003  3.2257961e+002  0.0000000e+000  8.0032573e+002
  9.0100000e+003  3.1987360e+002  0.0000000e+000  7.8595328e+002
  9.0200000e+003  3.1738271e+002  0.0000000e+000  7.3957953e+002
  9.0300000e+003  3.1645445e+002  0.0000000e+000  7.0510816e+002
  9.0400000e+003  1.8568435e+002  0.0000000e+000  7.1423204e+002
  9.0500000e+003  8.0754517e+001  0.0000000e+000  7.5856272e+002
  9.0600000e+003  7.5000035e+001  0.0000000e+000  8.3574844e+002
  9.0700000e+003  2.8393336e+002  0.0000000e+000  8.3332541e+002
  9.0800000e+003  2.8033389e+002  0.0000000e+000  7.9192513e+002
  9.0900000e+003  2.7079724e+002  0.0000000e+000  7.4961257e+002
  9.1000000e+003  2.9196303e+002  0.0000000e+000  7.4528970e+002
  9.1100000e+003  2.1307733e+002  0.0000000e+000  8.5025915e+002
  9.1200000e+003  1.7547958e+002  0.0000000e+000  8.9526038e+002
  9.1300000e+003  1.1914208e+002  0.0000000e+000  9.0624437e+002
  9.1400000e+003  7.5002023e+001  0.0000000e+000  8.7311554e+002
  9.1500000e+003  7.5000000e+001  0.0000000e+000  8.2633239e+002
  9.1600000e+003  7.5000000e+001  0.0000000e+000  7.0626712e+002
  9.1700000e+003  7.5000000e+001  0.0000000e+000  7.3421579e+002
  9.1800000e+003  7.5000000e+001  0.0000000e+000  7.8184755e+002
  9.1900000e+003  2.3163167e+002  0.0000000e+000  8.0536532e+002
  9.2000000e+003  3.4156725e+002  0.0000000e+000  7.8314697e+002
  9.2100000e+003  3.8233644e+002  0.0000000e+000  7.9816040e+002
  9.2200000e+003  2.8856578e+002  0.0000000e+000  7.6902367e+002
  9.2300000e+003  2.2600226e+002  0.0000000e+000  7.8506235e+002
  9.2400000e+003  2.0276279e+002  0.0000000e+000  8.3153338e+002
  9.2500000e+003  2.8239428e+002  0.0000000e+000  8.6571151e+002
  9.2600000e+003  3.2654180e+002  0.0000000e+000  7.8108273e+002
  9.2700000e+003  3.5674980e+002  0.0000000e+000  7.3659440e+002
  9.2800000e+003  2.3314337e+002  0.0000000e+000  6.9806177e+002
  9.2900000e+003  2.6446833e+002  0.0000000e+000  7.0090815e+002
  9.3000000e+003  2.1298677e+002  0.0000000e+000  7.4251659e+002
  9.3100000e+003  1.9860634e+002  0.0000000e+000  8.5168011e+002
  9.3200000e+003  1.9449907e+002  0.0000000e+000  8.5558534e+002
  9.3300000e+003  1.9299752e+002  0.0000000e+000  8.1768617e+002
  9.3400000e+003  2.3682384e+002  0.0000000e+000  7.7282996e+002
  9.3500000e+003  2.6439806e+002  0.0000000e+000  7.6225730e+002
  9.3600000e+003  2.7463330e+002  0.0000000e+000  7.1674443e+002
  9.3700000e+003  1.5069872e+002  0.0000000e+000  7.6343957e+002
  9.3800000e+003  7.5015323e+001  0.0000000e+000  7.8047108e+002
  9.3900000e+003  7.5000000e+001  0.0000000e+000  7.5217668e+002
  9.4000000e+003  7.5000000e+001  0.0000000e+000  7.0457011e+002
  9.4100000e+003  1.3965695e+002  0.0000000e+000  7.2111207e+002
  9.4200000e+003  1.6135306e+002  0.0000000e+000  7.4370501e+002
  9.4300000e+003  7.5480147e+001  0.0000000e+000  7.9126657e+002
  9.4400000e+003  7.5000003e+001  0.0000000e+000  8.2007068e+002
  9.4500000e+003  7.5000000e+001  0.0000000e+000  8.0363497e+002
  9.4600000e+003  1.9527534e+002  0.0000000e+000  7.3012620e+002
  9.4700000e+003  3.1362435e+002  0.0000000e+000  6.9624276e+002
  9.4800000e+003  3.5727148e+002  0.0000000e+000  7.0619408e+002
  9.4900000e+003  3.1340176e+002  0.0000000e+000  7.5082975e+002
  9.5000000e+003  2.8179891e+002  0.0000000e+000  7.8911194e+002
  9.5100000e+003  2.7004966e+002  0.0000000e+000  8.3549026e+002
  9.5200000e+003  1.4293512e+002  0.0000000e+000  7.9367917e+002
  9.5300000e+003  7.5005276e+001  0.0000000e+000  7.5176323e+002
  9.5400000e+003  7.5000000e+001  0.0000000e+000  7.4828203e+002
  9.5500000e+003  7.5000000e+001  0.0000000e+000  7.8643616e+002
  9.5600000e+003  1.8993979e+002  0.0000000e+000  8.0030006e+002
  9.5700000e+003  2.1266965e+002  0.0000000e+000  8.1045915e+002
  9.5800000e+003  1.8360425e+002  0.0000000e+000  7.7672790e+002
  9.5900000e+003  1.6325372e+002  0.0000000e+000  7.3011725e+002
  9.6000000e+003  1.5569023e+002  0.0000000e+000  7.1348083e+002
  9.6100000e+003  2.9626557e+002  0.0000000e+000  7.1691307e+002
  9.6200000e+003  3.8497242e+002  0.0000000e+000  7.6448957e+002
  9.6300000e+003  2.5477600e+002  0.0000000e+000  7.8726894e+002
  9.6400000e+003  2.4743253e+002  0.0000000e+000  7.6430678e+002
  9.6500000e+003  2.4930038e+002  0.0000000e+000  7.1671441e+002
  9.6600000e+003  2.4998523e+002  0.0000000e+000  6.9514353e+002
  9.6700000e+003  2.1745552e+002  0.0000000e+000  7.1197530e+002
  9.6800000e+003  1.9702957e+002  0.0000000e+000  7.5862985e+002
  9.6900000e+003  1.8944788e+002  0.0000000e+000  7.9221351e+002
  9.7000000e+003  3.0951857e+002  0.0000000e+000  7.8184961e+002
  9.7100000e+003  2.9936119e+002  0.0000000e+000  8.0633192e+002
  9.7200000e+003  2.9559571e+002  0.0000000e+000  7.6830632e+002
  9.7300000e+003  3.1905617e+002  0.0000000e+000  7.7199522e+002
  9.7400000e+003  3.3409801e+002  0.0000000e+000  8.1401019e+002
  9.7500000e+003  3.3968267e+002  0.0000000e+000  8.5572288e+002
  9.7600000e+003  2.1582962e+002  0.0000000e+000  8.9159500e+002
  9.7700000e+003  1.3777746e+002  0.0000000e+000  8.5319039e+002
  9.7800000e+003  1.0880481e+002  0.0000000e+000  8.0862865e+002
  9.7900000e+003  1.8893643e+002  0.0000000e+000  7.9888111e+002
  9.8000000e+003  2.4197442e+002  0.0000000e+000  8.3290963e+002
  9.8100000e+003  2.6164312e+002  0.0000000e+000  7.8412611e+002
  9.8200000e+003  2.0766605e+002  0.0000000e+000  8.0036181e+002
  9.8300000e+003  1.7201338e+002  0.0000000e+000  7.7139195e+002
  9.8400000e+003  1.5877164e+002  0.0000000e+000  7.2384696e+002
  9.8500000e+003  2.5525136e+002  0.0000000e+000  7.0143948e+002
  9.8600000e+003  3.1689702e+002  0.0000000e+000  7.8484398e+002
  9.8700000e+003  3.3978358e+002  0.0000000e+000  8.3246617e+002
  9.8800000e+003  2.6454191e+002  0.0000000e+000  8.6059262e+002
  9.8900000e+003  2.1527384e+002  0.0000000e+000  8.4336672e+002
  9.9000000e+003  1.9697712e+002  0.0000000e+000  7.9662589e+002
  9.9100000e+003  3.5501688e+002  0.0000000e+000  7.5159630e+002
  9.9200000e+003  2.6351606e+002  0.0000000e+000  7.6237142e+002
  9.9300000e+003  2.8499569e+002  0.0000000e+000  8.0729809e+002
  9.9400000e+003  2.1394559e+002  0.0000000e+000  8.4507041e+002
  9.9500000e+003  2.8958463e+002  0.0000000e+000  8.4096068e+002
  9.9600000e+003  2.5975289e+002  0.0000000e+000  8.1962169e+002
  9.9700000e+003  3.3703069e+002  0.0000000e+000  7.7811647e+002
  9.9800000e+003  3.8823809e+002  0.0000000e+000  7.7547802e+002
  9.9900000e+003  4.0725773e+002  0.0000000e+000  8.1413308e+002
  1.0000000e+004  3.0929902e+002  0.0000000e+000  8.5854235e+002
  1.0010000e+004  2.4617904e+002  0.0000000e+000  8.5544408e+002
  1.0020000e+004  2.2274271e+002  0.0000000e+000  8.2112040e+002
  1.0030000e+004  9.3964839e+001  0.0000000e+000  7.7469688e+002
  1.0040000e+004  7.5000117e+001  0.0000000e+000  7.5885451e+002
  1.0050000e+004  7.5000000e+001  0.0000000e+000  7.8815871e+002
  1.0060000e+004  1.2072371e+002  0.0000000e+000  7.8602350e+002
  1.0070000e+004  2.2487651e+002  0.0000000e+000  8.0805507e+002
  1.0080000e+004  2.5544907e+002  0.0000000e+000  7.8435632e+002
  1.0090000e+004  2.2140705e+002  0.0000000e+000  7.3671350e+002
  1.0100000e+004  1.9719688e+002  0.0000000e+000  7.0892921e+002
  1.0110000e+004  1.8819734e+002  0.0000000e+000  7.8879341e+002
  1.0120000e+004  7.7606709e+001  0.0000000e+000  8.3561968e+002
  1.0130000e+004  7.5000016e+001  0.0000000e+000  8.6859832e+002
  1.0140000e+004  7.5000000e+001  0.0000000e+000  8.5741176e+002
  1.0150000e+004  7.5000000e+001  0.0000000e+000  8.1234486e+002
  1.0160000e+004  2.0681764e+002  0.0000000e+000  7.3269996e+002
  1.0170000e+004  2.3504015e+002  0.0000000e+000  7.3722830e+002
  1.0180000e+004  2.4878568e+002  0.0000000e+000  7.7963665e+002
  1.0190000e+004  2.5470979e+002  0.0000000e+000  8.2093305e+002
  1.0200000e+004  2.5689605e+002  0.0000000e+000  8.2314979e+002
  1.0210000e+004  2.0650619e+002  0.0000000e+000  7.4503581e+002
  1.0220000e+004  1.7475869e+002  0.0000000e+000  7.0078071e+002
  1.0230000e+004  1.6297418e+002  0.0000000e+000  6.9186135e+002
  1.0240000e+004  2.9862380e+002  0.0000000e+000  7.2647637e+002
  1.0250000e+004  3.8464827e+002  0.0000000e+000  7.7280088e+002
  1.0260000e+004  2.6795922e+002  0.0000000e+000  8.1125506e+002
  1.0270000e+004  2.5314560e+002  0.0000000e+000  7.8161987e+002
  1.0280000e+004  1.4875686e+002  0.0000000e+000  7.3415135e+002
  1.0290000e+004  1.0978236e+002  0.0000000e+000  7.1249289e+002
  1.0300000e+004  7.5000284e+001  0.0000000e+000  7.3655718e+002
  1.0310000e+004  7.5000000e+001  0.0000000e+000  7.8922328e+002
  1.0320000e+004  7.5000000e+001  0.0000000e+000  8.1666347e+002
  1.0330000e+004  1.0670670e+002  0.0000000e+000  7.9865278e+002
  1.0340000e+004  1.8715192e+002  0.0000000e+000  7.5175039e+002
  1.0350000e+004  2.0435548e+002  0.0000000e+000  7.1907813e+002
  1.0360000e+004  2.4268572e+002  0.0000000e+000  8.0463653e+002
  1.0370000e+004  2.6504399e+002  0.0000000e+000  8.4984349e+002
  1.0380000e+004  2.7333493e+002  0.0000000e+000  8.8709410e+002
  1.0390000e+004  2.0373324e+002  0.0000000e+000  8.8214369e+002
  1.0400000e+004  1.5938110e+002  0.0000000e+000  8.3954364e+002
  1.0410000e+004  1.4291549e+002  0.0000000e+000  7.5073685e+002
  1.0420000e+004  1.5616141e+002  0.0000000e+000  7.4893983e+002
  1.0430000e+004  1.6601557e+002  0.0000000e+000  7.8808370e+002
  1.0440000e+004  1.6968041e+002  0.0000000e+000  8.3217760e+002
  1.0450000e+004  8.5125700e+001  0.0000000e+000  8.4068181e+002
  1.0460000e+004  7.5000062e+001  0.0000000e+000  8.3797107e+002
  1.0470000e+004  7.5000000e+001  0.0000000e+000  7.9175066e+002
  1.0480000e+004  2.9334336e+002  0.0000000e+000  7.7670732e+002
  1.0490000e+004  2.6004362e+002  0.0000000e+000  8.0667328e+002
  1.0500000e+004  2.9131696e+002  0.0000000e+000  8.5409798e+002
  1.0510000e+004  3.0018885e+002  0.0000000e+000  7.8061966e+002
  1.0520000e+004  3.0261304e+002  0.0000000e+000  7.5618742e+002
  1.0530000e+004  3.0349816e+002  0.0000000e+000  7.0850910e+002
  1.0540000e+004  2.5818321e+002  0.0000000e+000  6.8141561e+002
  1.0550000e+004  7.9306340e+001  0.0000000e+000  6.9981659e+002
  1.0560000e+004  7.5000026e+001  0.0000000e+000  7.5881855e+002
  1.0570000e+004  2.7650367e+002  0.0000000e+000  7.9118240e+002
  1.0580000e+004  2.5750448e+002  0.0000000e+000  7.7917667e+002
  1.0590000e+004  2.8400958e+002  0.0000000e+000  7.3383992e+002
  1.0600000e+004  2.7899256e+002  0.0000000e+000  6.9685454e+002
  1.0610000e+004  1.5045319e+002  0.0000000e+000  7.7628364e+002
  1.0620000e+004  7.5973835e+001  0.0000000e+000  8.1907543e+002
  1.0630000e+004  7.5000006e+001  0.0000000e+000  8.5994261e+002
  1.0640000e+004  1.5250358e+002  0.0000000e+000  8.6131544e+002
  1.0650000e+004  1.6109569e+002  0.0000000e+000  8.2193176e+002
  1.0660000e+004  2.3325025e+002  0.0000000e+000  7.3952337e+002
  1.0670000e+004  2.7760151e+002  0.0000000e+000  7.3143324e+002
  1.0680000e+004  2.9405931e+002  0.0000000e+000  7.6662391e+002
  1.0690000e+004  2.2949244e+002  0.0000000e+000  8.1273951e+002
  1.0700000e+004  1.8751630e+002  0.0000000e+000  8.2738156e+002
  1.0710000e+004  1.7192894e+002  0.0000000e+000  8.3014106e+002
  1.0720000e+004  2.9973460e+002  0.0000000e+000  7.8276539e+002
  1.0730000e+004  3.8121046e+002  0.0000000e+000  7.6186274e+002
  1.0740000e+004  4.1145832e+002  0.0000000e+000  7.8665241e+002
  1.0750000e+004  4.1323171e+002  0.0000000e+000  8.3434288e+002
  1.0760000e+004  4.1146990e+002  0.0000000e+000  8.1913350e+002
  1.0770000e+004  4.1080253e+002  0.0000000e+000  8.0034177e+002
  1.0780000e+004  2.0467704e+002  0.0000000e+000  7.5329251e+002
  1.0790000e+004  7.5226735e+001  0.0000000e+000  7.2124069e+002
  1.0800000e+004  7.5000001e+001  0.0000000e+000  7.3365461e+002
  1.0810000e+004  2.6080972e+002  0.0000000e+000  7.5194546e+002
  1.0820000e+004  3.4421001e+002  0.0000000e+000  7.8866146e+002
  1.0830000e+004  2.7003756e+002  0.0000000e+000  7.8287192e+002
  1.0840000e+004  2.9998685e+002  0.0000000e+000  7.3989847e+002
  1.0850000e+004  3.1566810e+002  0.0000000e+000  6.9925072e+002
  1.0860000e+004  3.2147407e+002  0.0000000e+000  7.0024015e+002
  1.0870000e+004  3.9294259e+002  0.0000000e+000  7.3986065e+002
  1.0880000e+004  2.6055204e+002  0.0000000e+000  7.8362536e+002
  1.0890000e+004  2.7022302e+002  0.0000000e+000  7.9129730e+002
  1.0900000e+004  2.4393028e+002  0.0000000e+000  7.5582292e+002
  1.0910000e+004  2.2654563e+002  0.0000000e+000  8.2050148e+002
  1.0920000e+004  2.2008873e+002  0.0000000e+000  8.0626689e+002
  1.0930000e+004  2.5757933e+002  0.0000000e+000  8.3688522e+002
  1.0940000e+004  2.8165843e+002  0.0000000e+000  8.8421114e+002
  1.0950000e+004  2.9059861e+002  0.0000000e+000  9.0473342e+002
  1.0960000e+004  2.7715284e+002  0.0000000e+000  8.1030551e+002
  1.0970000e+004  2.6788808e+002  0.0000000e+000  7.6260348e+002
  1.0980000e+004  2.6444536e+002  0.0000000e+000  7.3620929e+002
  1.0990000e+004  2.1963131e+002  0.0000000e+000  7.5538650e+002
  1.1000000e+004  1.9190822e+002  0.0000000e+000  8.0250367e+002
  1.1010000e+004  3.0480800e+002  0.0000000e+000  8.2218458e+002
  1.1020000e+004  3.6638350e+002  0.0000000e+000  8.0936290e+002
  1.1030000e+004  4.0655869e+002  0.0000000e+000  7.6377051e+002
  1.1040000e+004  2.5351519e+002  0.0000000e+000  7.2732429e+002
  1.1050000e+004  2.2333917e+002  0.0000000e+000  7.3353273e+002
  1.1060000e+004  2.0509998e+002  0.0000000e+000  8.2777775e+002
  1.1070000e+004  1.9832629e+002  0.0000000e+000  8.6820521e+002
  1.1080000e+004  2.0000081e+002  0.0000000e+000  8.6873372e+002
  1.1090000e+004  2.0169203e+002  0.0000000e+000  8.2887969e+002
  1.1100000e+004  2.0232277e+002  0.0000000e+000  7.8528472e+002
  1.1110000e+004  2.7335165e+002  0.0000000e+000  7.1422322e+002
  1.1120000e+004  3.1775006e+002  0.0000000e+000  7.4997563e+002
  1.1130000e+004  3.3422889e+002  0.0000000e+000  7.9586786e+002
  1.1140000e+004  2.3385855e+002  0.0000000e+000  8.0970392e+002
  1.1150000e+004  2.8401381e+002  0.0000000e+000  7.7876299e+002
  1.1160000e+004  2.4430394e+002  0.0000000e+000  7.6652163e+002
  1.1170000e+004  2.0797720e+002  0.0000000e+000  7.4638293e+002
  1.1180000e+004  2.0458241e+002  0.0000000e+000  7.7189020e+002
  1.1190000e+004  3.1493058e+002  0.0000000e+000  8.1959377e+002
  1.1200000e+004  3.2677226e+002  0.0000000e+000  8.4563519e+002
  1.1210000e+004  3.2568237e+002  0.0000000e+000  8.2587711e+002
  1.1220000e+004  2.6910534e+002  0.0000000e+000  7.7869571e+002
  1.1230000e+004  2.0492659e+002  0.0000000e+000  7.4727438e+002
  1.1240000e+004  2.7329034e+002  0.0000000e+000  7.6050172e+002
  1.1250000e+004  2.4706986e+002  0.0000000e+000  8.0621658e+002
  1.1260000e+004  3.2045728e+002  0.0000000e+000  8.8617687e+002
  1.1270000e+004  3.6888229e+002  0.0000000e+000  8.7955200e+002
  1.1280000e+004  3.8686759e+002  0.0000000e+000  8.3621864e+002
  1.1290000e+004  4.1612138e+002  0.0000000e+000  7.9601927e+002
  1.1300000e+004  2.5783295e+002  0.0000000e+000  7.9591300e+002
  1.1310000e+004  2.6149855e+002  0.0000000e+000  7.4625728e+002
  1.1320000e+004  2.4492289e+002  0.0000000e+000  7.8967502e+002
  1.1330000e+004  2.3419974e+002  0.0000000e+000  7.9651228e+002
  1.1340000e+004  2.3021805e+002  0.0000000e+000  7.6047885e+002
  1.1350000e+004  2.1816093e+002  0.0000000e+000  7.1470370e+002
  1.1360000e+004  2.1099218e+002  0.0000000e+000  7.7392642e+002
  1.1370000e+004  2.0833317e+002  0.0000000e+000  8.0519082e+002
  1.1380000e+004  2.2075219e+002  0.0000000e+000  8.5240313e+002
  1.1390000e+004  2.2877794e+002  0.0000000e+000  8.7215986e+002
  1.1400000e+004  2.3175799e+002  0.0000000e+000  8.4629677e+002
  1.1410000e+004  2.8168319e+002  0.0000000e+000  7.2585448e+002
  1.1420000e+004  3.1264937e+002  0.0000000e+000  7.0016456e+002
  1.1430000e+004  3.2414158e+002  0.0000000e+000  7.2011198e+002
  1.1440000e+004  2.6374384e+002  0.0000000e+000  7.6735389e+002
  1.1450000e+004  2.2484867e+002  0.0000000e+000  7.9845628e+002
  1.1460000e+004  2.1040707e+002  0.0000000e+000  7.8362241e+002
  1.1470000e+004  2.4862484e+002  0.0000000e+000  7.3778860e+002
  1.1480000e+004  2.7391719e+002  0.0000000e+000  7.0189295e+002
  1.1490000e+004  2.8331122e+002  0.0000000e+000  7.0893770e+002
  1.1500000e+004  2.4373910e+002  0.0000000e+000  7.5244594e+002
  1.1510000e+004  2.1807826e+002  0.0000000e+000  8.8993490e+002
  1.1520000e+004  2.0854970e+002  0.0000000e+000  8.8962334e+002
  1.1530000e+004  2.4690702e+002  0.0000000e+000  8.4931144e+002
  1.1540000e+004  2.7182025e+002  0.0000000e+000  8.0606619e+002
  1.1550000e+004  2.8107139e+002  0.0000000e+000  7.9964708e+002
  1.1560000e+004  2.3911624e+002  0.0000000e+000  8.0682235e+002
  1.1570000e+004  2.1197740e+002  0.0000000e+000  8.5247551e+002
  1.1580000e+004  2.0190032e+002  0.0000000e+000  8.6550123e+002
  1.1590000e+004  2.6523928e+002  0.0000000e+000  8.3392240e+002
  1.1600000e+004  3.0584106e+002  0.0000000e+000  7.8677245e+002
  1.1610000e+004  3.2091547e+002  0.0000000e+000  8.0860874e+002
  1.1620000e+004  2.9128934e+002  0.0000000e+000  8.3482749e+002
  1.1630000e+004  2.7131459e+002  0.0000000e+000  8.8252921e+002
  1.1640000e+004  2.6389398e+002  0.0000000e+000  9.0785901e+002
  1.1650000e+004  3.1042499e+002  0.0000000e+000  8.8752880e+002
  1.1660000e+004  3.4025416e+002  0.0000000e+000  8.2359978e+002
  1.1670000e+004  3.5132898e+002  0.0000000e+000  7.9281802e+002
  1.1680000e+004  3.1084966e+002  0.0000000e+000  8.0685465e+002
  1.1690000e+004  2.8446142e+002  0.0000000e+000  8.5280369e+002
  1.1700000e+004  7.5085396e+001  0.0000000e+000  8.8841982e+002
  1.1710000e+004  7.5000001e+001  0.0000000e+000  8.6095211e+002
  1.1720000e+004  7.5000000e+001  0.0000000e+000  8.1727150e+002
  1.1730000e+004  7.5000000e+001  0.0000000e+000  7.7753310e+002
  1.1740000e+004  7.5000000e+001  0.0000000e+000  7.7827131e+002
  1.1750000e+004  7.5000000e+001  0.0000000e+000  8.1880742e+002
  1.1760000e+004  7.5000000e+001  0.0000000e+000  8.5042123e+002
  1.1770000e+004  7.5000000e+001  0.0000000e+000  8.5642116e+002
  1.1780000e+004  7.5000000e+001  0.0000000e+000  8.1983998e+002
  1.1790000e+004  7.5000000e+001  0.0000000e+000  7.7430973e+002
  1.1800000e+004  7.5000000e+001  0.0000000e+000  7.6169073e+002
  1.1810000e+004  7.5000000e+001  0.0000000e+000  7.0720742e+002
  1.1820000e+004  7.5000000e+001  0.0000000e+000  7.5428740e+002
  1.1830000e+004  7.5000000e+001  0.0000000e+000  7.7327240e+002
  1.1840000e+004  7.5000000e+001  0.0000000e+000  7.4670377e+002
  1.1850000e+004  7.5000000e+001  0.0000000e+000  6.9900859e+002
  1.1860000e+004  7.5000000e+001  0.0000000e+000  7.8753768e+002
  1.1870000e+004  7.5000000e+001  0.0000000e+000  8.0825423e+002
  1.1880000e+004  7.5000000e+001  0.0000000e+000  8.5560606e+002
  1.1890000e+004  7.5000000e+001  0.0000000e+000  8.8606327e+002
  1.1900000e+004  7.5000000e+001  0.0000000e+000  8.7162364e+002
  1.1910000e+004  7.5000000e+001  0.0000000e+000  7.6310030e+002
  1.1920000e+004  7.5000000e+001  0.0000000e+000  7.2776364e+002
  1.1930000e+004  7.5000000e+001  0.0000000e+000  7.3564250e+002
  1.1940000e+004  7.5000000e+001  0.0000000e+000  7.7949024e+002
  1.1950000e+004  7.5000000e+001  0.0000000e+000  8.1899347e+002
  1.1960000e+004  7.5000000e+001  0.0000000e+000  7.9549824e+002
  1.1970000e+004  7.5000000e+001  0.0000000e+000  7.5474009e+002
  1.1980000e+004  7.5000000e+001  0.0000000e+000  7.1185812e+002
  1.1990000e+004  7.5000000e+001  0.0000000e+000  7.0627681e+002
  1.2000000e+004  7.5000000e+001  0.0000000e+000  7.4312758e+002
  1.2010000e+004  7.5000000e+001  0.0000000e+000  8.3331997e+002
  1.2020000e+004  7.5000000e+001  0.0000000e+000  8.4553331e+002
  1.2030000e+004  7.5000000e+001  0.0000000e+000  8.1332647e+002
  1.2040000e+004  7.5000000e+001  0.0000000e+000  7.6631230e+002
  1.2050000e+004  7.5000000e+001  0.0000000e+000  7.4771542e+002
  1.2060000e+004  7.5000000e+001  0.0000000e+000  7.7533819e+002
  1.2070000e+004  7.5000000e+001  0.0000000e+000  8.2302313e+002
  1.2080000e+004  7.5000000e+001  0.0000000e+000  8.4763338e+002
  1.2090000e+004  7.5000000e+001  0.0000000e+000  8.2654241e+002
  1.2100000e+004  7.5000000e+001  0.0000000e+000  7.7914118e+002
  1.2110000e+004  7.5000000e+001  0.0000000e+000  7.7564223e+002
  1.2120000e+004  7.5000000e+001  0.0000000e+000  7.9048495e+002
  1.2130000e+004  7.5000000e+001  0.0000000e+000  8.3665378e+002
  1.2140000e+004  7.5000000e+001  0.0000000e+000  8.7170252e+002
  1.2150000e+004  7.5000000e+001  0.0000000e+000  8.6340753e+002
  1.2160000e+004  7.5000000e+001  0.0000000e+000  7.4938922e+002
  1.2170000e+004  7.5000000e+001  0.0000000e+000  7.1012109e+002
  1.2180000e+004  7.5000000e+001  0.0000000e+000  7.1170354e+002
  1.2190000e+004  7.5000000e+001  0.0000000e+000  7.5267851e+002
  1.2200000e+004  7.5000000e+001  0.0000000e+000  7.9537380e+002
  1.2210000e+004  7.5000000e+001  0.0000000e+000  9.0502457e+002
  1.2220000e+004  7.5000000e+001  0.0000000e+000  8.6791184e+002
  1.2230000e+004  7.5000000e+001  0.0000000e+000  8.2264078e+002
  1.2240000e+004  7.5000000e+001  0.0000000e+000  8.1083813e+002
  1.2250000e+004  7.5000000e+001  0.0000000e+000  8.4335520e+002
  1.2260000e+004  7.5000000e+001  0.0000000e+000  7.7038013e+002
  1.2270000e+004  7.5000000e+001  0.0000000e+000  7.8858200e+002
  1.2280000e+004  7.5000000e+001  0.0000000e+000  7.6131616e+002
  1.2290000e+004  7.5000000e+001  0.0000000e+000  7.1364526e+002
  1.2300000e+004  7.5000000e+001  0.0000000e+000  6.8939771e+002
  1.2310000e+004  7.5000000e+001  0.0000000e+000  7.1219956e+002
  1.2320000e+004  7.5000000e+001  0.0000000e+000  7.5964655e+002
  1.2330000e+004  7.5000000e+001  0.0000000e+000  7.8944904e+002
  1.2340000e+004  7.5000000e+001  0.0000000e+000  7.7420682e+002
  1.2350000e+004  7.5000000e+001  0.0000000e+000  7.2793352e+002
  1.2360000e+004  7.5000000e+001  0.0000000e+000  7.1154642e+002
  1.2370000e+004  7.5000000e+001  0.0000000e+000  7.2025774e+002
  1.2380000e+004  7.5000000e+001  0.0000000e+000  7.6443126e+002
  1.2390000e+004  7.5000000e+001  0.0000000e+000  8.0345488e+002
  1.2400000e+004  7.5000000e+001  0.0000000e+000  8.0145046e+002
  1.2410000e+004  7.5000000e+001  0.0000000e+000  8.4654252e+002
  1.2420000e+004  7.5000000e+001  0.0000000e+000  8.0404118e+002
  1.2430000e+004  7.5000000e+001  0.0000000e+000  7.9929940e+002
  1.2440000e+004  7.5000000e+001  0.0000000e+000  8.3668067e+002
  1.2450000e+004  7.5000000e+001  0.0000000e+000  8.8181682e+002
  1.2460000e+004  7.5000000e+001  0.0000000e+000  8.3901867e+002
  1.2470000e+004  7.5000000e+001  0.0000000e+000  8.0619145e+002
  1.2480000e+004  7.5000000e+001  0.0000000e+000  7.5932781e+002
  1.2490000e+004  7.5000000e+001  0.0000000e+000  7.4151150e+002
  1.2500000e+004  7.5000000e+001  0.0000000e+000  7.6912275e+002
  1.2510000e+004  7.5000000e+001  0.0000000e+000  8.7694466e+002
  1.2520000e+004  7.5000000e+001  0.0000000e+000  9.0083037e+002
  1.2530000e+004  7.5000000e+001  0.0000000e+000  8.7898526e+002
  1.2540000e+004  7.5000000e+001  0.0000000e+000  8.3149636e+002
  1.2550000e+004  7.5000000e+001  0.0000000e+000  8.0202475e+002
  1.2560000e+004  7.5000000e+001  0.0000000e+000  6.9993869e+002
  1.2570000e+004  7.5000000e+001  0.0000000e+000  7.4630748e+002
  1.2580000e+004  7.5000000e+001  0.0000000e+000  7.8077786e+002
  1.2590000e+004  7.5000000e+001  0.0000000e+000  7.7165257e+002
  1.2600000e+004  7.5000000e+001  0.0000000e+000  7.2732136e+002
  1.2610000e+004  7.5000000e+001  0.0000000e+000  8.1311729e+002
  1.2620000e+004  7.5000000e+001  0.0000000e+000  8.1554915e+002
  1.2630000e+004  7.5000000e+001  0.0000000e+000  8.5695015e+002
  1.2640000e+004  7.5000000e+001  0.0000000e+000  8.9926204e+002
  1.2650000e+004  7.5000000e+001  0.0000000e+000  9.0358348e+002
  1.2660000e+004  7.5000000e+001  0.0000000e+000  7.7257767e+002
  1.2670000e+004  7.5000000e+001  0.0000000e+000  7.2757574e+002
  1.2680000e+004  7.5000000e+001  0.0000000e+000  7.1659315e+002
  1.2690000e+004  7.5000000e+001  0.0000000e+000  7.4972301e+002
  1.2700000e+004  7.5000000e+001  0.0000000e+000  7.9650588e+002
  1.2710000e+004  7.5000000e+001  0.0000000e+000  8.0150059e+002
  1.2720000e+004  7.5000000e+001  0.0000000e+000  7.7354553e+002
  1.2730000e+004  7.5000000e+001  0.0000000e+000  7.2591385e+002
  1.2740000e+004  7.5000000e+001  0.0000000e+000  7.0239733e+002
  1.2750000e+004  7.5000000e+001  0.0000000e+000  7.2461696e+002
  1.2760000e+004  7.5000000e+001  0.0000000e+000  7.9688688e+002
  1.2770000e+004  7.5000000e+001  0.0000000e+000  8.2602643e+002
  1.2780000e+004  7.5000000e+001  0.0000000e+000  8.0998640e+002
  1.2790000e+004  7.5000000e+001  0.0000000e+000  7.6351505e+002
  1.2800000e+004  7.5000000e+001  0.0000000e+000  7.2933791e+002
  1.2810000e+004  7.5000000e+001  0.0000000e+000  7.3610260e+002
  1.2820000e+004  7.5000000e+001  0.0000000e+000  7.8058791e+002
  1.2830000e+004  7.5000000e+001  0.0000000e+000  8.1911970e+002
  1.2840000e+004  7.5000000e+001  0.0000000e+000  8.1627188e+002
  1.2850000e+004  7.5000000e+001  0.0000000e+000  7.7466273e+002
  1.2860000e+004  7.5000000e+001  0.0000000e+000  6.9116260e+002
  1.2870000e+004  7.5000000e+001  0.0000000e+000  6.8725996e+002
  1.2880000e+004  7.5000000e+001  0.0000000e+000  7.2516001e+002
  1.2890000e+004  7.5000000e+001  0.0000000e+000  7.7001573e+002
  1.2900000e+004  7.5000000e+001  0.0000000e+000  7.8058698e+002
  1.2910000e+004  7.5000000e+001  0.0000000e+000  7.9880819e+002
  1.2920000e+004  7.5000000e+001  0.0000000e+000  7.5211210e+002
  1.2930000e+004  7.5000000e+001  0.0000000e+000  7.3508194e+002
  1.2940000e+004  7.5000000e+001  0.0000000e+000  7.6337750e+002
  1.2950000e+004  7.5000000e+001  0.0000000e+000  8.1098397e+002
  1.2960000e+004  7.5000000e+001  0.0000000e+000  7.9600161e+002
  1.2970000e+004  7.5000000e+001  0.0000000e+000  7.7340748e+002
  1.2980000e+004  7.5000000e+001  0.0000000e+000  7.2584580e+002
  1.2990000e+004  7.5000000e+001  0.0000000e+000  6.9704284e+002
  1.3000000e+004  7.5000000e+001  0.0000000e+000  7.1347990e+002
  1.3010000e+004  7.5000000e+001  0.0000000e+000  7.7463513e+002
  1.3020000e+004  7.5000000e+001  0.0000000e+000  8.0851700e+002
  1.3030000e+004  7.5000000e+001  0.0000000e+000  7.9856427e+002
  1.3040000e+004  7.5000000e+001  0.0000000e+000  7.5392809e+002
  1.3050000e+004  7.5000000e+001  0.0000000e+000  7.1564676e+002
  1.3060000e+004  7.5000000e+001  0.0000000e+000  6.9705403e+002
  1.3070000e+004  7.5000000e+001  0.0000000e+000  7.3886707e+002
  1.3080000e+004  7.5000000e+001  0.0000000e+000  7.8078232e+002
  1.3090000e+004  7.5000000e+001  0.0000000e+000  7.8426209e+002
  1.3100000e+004  7.5000000e+001  0.0000000e+000  7.4610710e+002
  1.3110000e+004  7.5000000e+001  0.0000000e+000  7.5501210e+002
  1.3120000e+004  7.5000000e+001  0.0000000e+000  7.4485545e+002
