  0.0000000e+000  1.2700000e+001  4.7000000e+001  1.2200000e+001
  1.0000000e+001  1.2199969e+001  4.6984876e+001  1.2199967e+001
  2.0000000e+001  1.2199930e+001  4.6973292e+001  1.2199929e+001
  3.0000000e+001  1.2199893e+001  4.6961707e+001  1.2199892e+001
  4.0000000e+001  1.2199859e+001  4.6950123e+001  1.2199858e+001
  5.0000000e+001  1.2199827e+001  4.6938538e+001  1.2199826e+001
  6.0000000e+001  1.2199791e+001  4.6926954e+001  1.2199790e+001
  7.0000000e+001  1.2199751e+001  4.6915370e+001  1.2199750e+001
  8.0000000e+001  1.2199709e+001  4.6903785e+001  1.2199708e+001
  9.0000000e+001  1.2199667e+001  4.6892201e+001  1.2199666e+001
  1.0000000e+002  1.2199628e+001  4.6877422e+001  1.2199627e+001
  1.1000000e+002  1.2199593e+001  4.6848963e+001  1.2199592e+001
  1.2000000e+002  1.2199559e+001  4.6816601e+001  1.2199557e+001
  1.3000000e+002  1.2525715e+001  4.6773430e+001  1.2199565e+001
  1.4000000e+002  1.2498052e+001  4.6724219e+001  1.2199578e+001
  1.5000000e+002  1.2507104e+001  4.6682321e+001  1.2199592e+001
  1.6000000e+002  1.2496181e+001  4.6643332e+001  1.2199605e+001
  1.7000000e+002  1.2527588e+001  4.6604188e+001  1.2199599e+001
  1.8000000e+002  1.2524087e+001  4.6560327e+001  1.2199612e+001
  1.9000000e+002  1.2488892e+001  4.6515818e+001  1.2199626e+001
  2.0000000e+002  1.2454361e+001  4.6465283e+001  1.2199639e+001
  2.1000000e+002  1.2508993e+001  4.6412104e+001  1.2199653e+001
  2.2000000e+002  1.2200775e+001  4.6369887e+001  1.2199656e+001
  2.3000000e+002  1.2199622e+001  4.6353459e+001  1.2199621e+001
  2.4000000e+002  1.2199588e+001  4.6341874e+001  1.2199587e+001
  2.5000000e+002  1.2199554e+001  4.6330290e+001  1.2199553e+001
  2.6000000e+002  1.2199518e+001  4.6318705e+001  1.2199517e+001
  2.7000000e+002  1.2199481e+001  4.6307121e+001  1.2199479e+001
  2.8000000e+002  1.2555873e+001  4.6283615e+001  1.2199453e+001
  2.9000000e+002  1.2595987e+001  4.6235071e+001  1.2199467e+001
  3.0000000e+002  1.2614268e+001  4.6176781e+001  1.2199480e+001
  3.1000000e+002  1.2584502e+001  4.6125063e+001  1.2199494e+001
  3.2000000e+002  1.2199478e+001  4.6093720e+001  1.2199477e+001
  3.3000000e+002  1.2199440e+001  4.6071199e+001  1.2199439e+001
  3.4000000e+002  1.2199401e+001  4.6045371e+001  1.2199400e+001
  3.5000000e+002  1.2575502e+001  4.6006739e+001  1.2199412e+001
  3.6000000e+002  1.2535623e+001  4.5962542e+001  1.2199425e+001
  3.7000000e+002  1.2526225e+001  4.5921347e+001  1.2199439e+001
  3.8000000e+002  1.2199416e+001  4.5890187e+001  1.2199414e+001
  3.9000000e+002  1.2199373e+001  4.5863378e+001  1.2199371e+001
  4.0000000e+002  1.2199329e+001  4.5836963e+001  1.2199327e+001
  4.1000000e+002  1.2199286e+001  4.5808555e+001  1.2199285e+001
  4.2000000e+002  1.2199246e+001  4.5779256e+001  1.2199245e+001
  4.3000000e+002  1.2199208e+001  4.5756617e+001  1.2199207e+001
  4.4000000e+002  1.2199169e+001  4.5744987e+001  1.2199167e+001
  4.5000000e+002  1.2199126e+001  4.5733403e+001  1.2199125e+001
  4.6000000e+002  1.2199084e+001  4.5721818e+001  1.2199083e+001
  4.7000000e+002  1.2199044e+001  4.5710234e+001  1.2199043e+001
  4.8000000e+002  1.2199007e+001  4.5698650e+001  1.2199005e+001
  4.9000000e+002  1.2198971e+001  4.5683294e+001  1.2198970e+001
  5.0000000e+002  1.2544283e+001  4.5643429e+001  1.2198975e+001
  5.1000000e+002  1.2463814e+001  4.5592415e+001  1.2198989e+001
  5.2000000e+002  1.2445843e+001  4.5542845e+001  1.2199002e+001
  5.3000000e+002  1.2465954e+001  4.5503613e+001  1.2199016e+001
  5.4000000e+002  1.2505654e+001  4.5468908e+001  1.2199029e+001
  5.5000000e+002  1.2199004e+001  4.5439942e+001  1.2199003e+001
  5.6000000e+002  1.2198967e+001  4.5420270e+001  1.2198966e+001
  5.7000000e+002  1.2198928e+001  4.5407949e+001  1.2198926e+001
  5.8000000e+002  1.2198886e+001  4.5396365e+001  1.2198884e+001
  5.9000000e+002  1.2198843e+001  4.5384780e+001  1.2198842e+001
  6.0000000e+002  1.2198802e+001  4.5373196e+001  1.2198801e+001
  6.1000000e+002  1.2279155e+001  4.5352713e+001  1.2198751e+001
  6.2000000e+002  1.2372359e+001  4.5310956e+001  1.2198764e+001
  6.3000000e+002  1.2336843e+001  4.5261166e+001  1.2198778e+001
  6.4000000e+002  1.2302666e+001  4.5213365e+001  1.2198791e+001
  6.5000000e+002  1.2301251e+001  4.5175040e+001  1.2198805e+001
  6.6000000e+002  1.2363240e+001  4.5140847e+001  1.2198818e+001
  6.7000000e+002  1.2399936e+001  4.5105105e+001  1.2198831e+001
  6.8000000e+002  1.2406941e+001  4.5063367e+001  1.2198845e+001
  6.9000000e+002  1.2377817e+001  4.5019022e+001  1.2198858e+001
  7.0000000e+002  1.2339340e+001  4.4974345e+001  1.2198872e+001
  7.1000000e+002  1.2275318e+001  4.4930659e+001  1.2198885e+001
  7.2000000e+002  1.2300334e+001  4.4887419e+001  1.2198899e+001
  7.3000000e+002  1.2339824e+001  4.4842404e+001  1.2198912e+001
  7.4000000e+002  1.2357478e+001  4.4793312e+001  1.2198926e+001
  7.5000000e+002  1.2337065e+001  4.4742467e+001  1.2198939e+001
  7.6000000e+002  1.2329681e+001  4.4692894e+001  1.2198953e+001
  7.7000000e+002  1.2307183e+001  4.4647177e+001  1.2198966e+001
  7.8000000e+002  1.2322582e+001  4.4603130e+001  1.2198980e+001
  7.9000000e+002  1.2198968e+001  4.4569094e+001  1.2198965e+001
  8.0000000e+002  1.2198917e+001  4.4555445e+001  1.2198915e+001
  8.1000000e+002  1.2198866e+001  4.4543860e+001  1.2198865e+001
  8.2000000e+002  1.2198814e+001  4.4531843e+001  1.2198812e+001
  8.3000000e+002  1.2296902e+001  4.4502371e+001  1.2198765e+001
  8.4000000e+002  1.2303529e+001  4.4464621e+001  1.2198779e+001
  8.5000000e+002  1.2339201e+001  4.4419858e+001  1.2198792e+001
  8.6000000e+002  1.2414040e+001  4.4365369e+001  1.2198806e+001
  8.7000000e+002  1.2415107e+001  4.4306774e+001  1.2198819e+001
  8.8000000e+002  1.2382261e+001  4.4248803e+001  1.2198833e+001
  8.9000000e+002  1.2345703e+001  4.4194840e+001  1.2198846e+001
  9.0000000e+002  1.2339045e+001  4.4142630e+001  1.2198860e+001
  9.1000000e+002  1.2330548e+001  4.4099366e+001  1.2198873e+001
  9.2000000e+002  1.2198824e+001  4.4074051e+001  1.2198822e+001
  9.3000000e+002  1.2198775e+001  4.4057678e+001  1.2198774e+001
  9.4000000e+002  1.2377274e+001  4.4020646e+001  1.2198765e+001
  9.5000000e+002  1.2337824e+001  4.3972014e+001  1.2198778e+001
  9.6000000e+002  1.2271967e+001  4.3917364e+001  1.2198792e+001
  9.7000000e+002  1.2292678e+001  4.3858878e+001  1.2198805e+001
  9.8000000e+002  1.2332400e+001  4.3799491e+001  1.2198819e+001
  9.9000000e+002  1.2354609e+001  4.3739810e+001  1.2198832e+001
  1.0000000e+003  1.2338887e+001  4.3683572e+001  1.2198846e+001
  1.0100000e+003  1.2307659e+001  4.3632225e+001  1.2198859e+001
  1.0200000e+003  1.2281024e+001  4.3578401e+001  1.2198873e+001
  1.0300000e+003  1.2291439e+001  4.3527154e+001  1.2198886e+001
  1.0400000e+003  1.2329331e+001  4.3483021e+001  1.2198900e+001
  1.0500000e+003  1.2359861e+001  4.3441960e+001  1.2198913e+001
  1.0600000e+003  1.2381332e+001  4.3399889e+001  1.2198927e+001
  1.0700000e+003  1.2345508e+001  4.3353660e+001  1.2198940e+001
  1.0800000e+003  1.2311695e+001  4.3305622e+001  1.2198954e+001
  1.0900000e+003  1.2310983e+001  4.3252739e+001  1.2198967e+001
  1.1000000e+003  1.2344026e+001  4.3191139e+001  1.2198981e+001
  1.1100000e+003  1.2352534e+001  4.3134926e+001  1.2198994e+001
  1.1200000e+003  1.2358844e+001  4.3078226e+001  1.2199008e+001
  1.1300000e+003  1.2329245e+001  4.3022161e+001  1.2199021e+001
  1.1400000e+003  1.2290950e+001  4.2966395e+001  1.2199035e+001
  1.1500000e+003  1.2279166e+001  4.2912811e+001  1.2199048e+001
  1.1600000e+003  1.2290805e+001  4.2863688e+001  1.2199062e+001
  1.1700000e+003  1.2330211e+001  4.2816477e+001  1.2199075e+001
  1.1800000e+003  1.2347231e+001  4.2774229e+001  1.2199089e+001
  1.1900000e+003  1.2199073e+001  4.2741330e+001  1.2199071e+001
  1.2000000e+003  1.2199017e+001  4.2709093e+001  1.2199015e+001
  1.2100000e+003  1.2246669e+001  4.2673182e+001  1.2199005e+001
  1.2200000e+003  1.2262713e+001  4.2630244e+001  1.2199019e+001
  1.2300000e+003  1.2301968e+001  4.2584253e+001  1.2199032e+001
  1.2400000e+003  1.2328342e+001  4.2536216e+001  1.2199046e+001
  1.2500000e+003  1.2317587e+001  4.2485802e+001  1.2199059e+001
  1.2600000e+003  1.2375968e+001  4.2434394e+001  1.2199073e+001
  1.2700000e+003  1.2345670e+001  4.2385588e+001  1.2199086e+001
  1.2800000e+003  1.2350920e+001  4.2342982e+001  1.2199100e+001
  1.2900000e+003  1.2386896e+001  4.2303043e+001  1.2199113e+001
  1.3000000e+003  1.2420523e+001  4.2263162e+001  1.2199127e+001
  1.3100000e+003  1.2407557e+001  4.2221661e+001  1.2199140e+001
  1.3200000e+003  1.2374319e+001  4.2179445e+001  1.2199154e+001
  1.3300000e+003  1.2338043e+001  4.2133797e+001  1.2199167e+001
  1.3400000e+003  1.2332079e+001  4.2081296e+001  1.2199181e+001
  1.3500000e+003  1.2361911e+001  4.2025860e+001  1.2199194e+001
  1.3600000e+003  1.2376244e+001  4.1966922e+001  1.2199208e+001
  1.3700000e+003  1.2387690e+001  4.1907629e+001  1.2199221e+001
  1.3800000e+003  1.2361860e+001  4.1850877e+001  1.2199235e+001
  1.3900000e+003  1.2204680e+001  4.1805530e+001  1.2199241e+001
  1.4000000e+003  1.2305798e+001  4.1769352e+001  1.2199239e+001
  1.4100000e+003  1.2199243e+001  4.1733728e+001  1.2199228e+001
  1.4200000e+003  1.2371166e+001  4.1693825e+001  1.2199216e+001
  1.4300000e+003  1.2392788e+001  4.1644897e+001  1.2199230e+001
  1.4400000e+003  1.2376423e+001  4.1585682e+001  1.2199243e+001
  1.4500000e+003  1.2337115e+001  4.1532343e+001  1.2199257e+001
  1.4600000e+003  1.2318645e+001  4.1476950e+001  1.2199270e+001
  1.4700000e+003  1.2329738e+001  4.1416222e+001  1.2199284e+001
  1.4800000e+003  1.2367836e+001  4.1361256e+001  1.2199297e+001
  1.4900000e+003  1.2397911e+001  4.1308462e+001  1.2199311e+001
  1.5000000e+003  1.2392313e+001  4.1256653e+001  1.2199324e+001
  1.5100000e+003  1.2309640e+001  4.1208257e+001  1.2199338e+001
  1.5200000e+003  1.2276199e+001  4.1166501e+001  1.2199351e+001
  1.5300000e+003  1.2276189e+001  4.1127585e+001  1.2199365e+001
  1.5400000e+003  1.2309617e+001  4.1087267e+001  1.2199378e+001
  1.5500000e+003  1.2345749e+001  4.1042105e+001  1.2199392e+001
  1.5600000e+003  1.2432846e+001  4.0994843e+001  1.2199405e+001
  1.5700000e+003  1.2402789e+001  4.0951780e+001  1.2199419e+001
  1.5800000e+003  1.2199402e+001  4.0919049e+001  1.2199400e+001
  1.5900000e+003  1.2199350e+001  4.0886562e+001  1.2199348e+001
  1.6000000e+003  1.2199298e+001  4.0855360e+001  1.2199297e+001
  1.6100000e+003  1.2199248e+001  4.0825262e+001  1.2199247e+001
  1.6200000e+003  1.2199200e+001  4.0795593e+001  1.2199199e+001
  1.6300000e+003  1.2392551e+001  4.0760444e+001  1.2199185e+001
  1.6400000e+003  1.2352820e+001  4.0713319e+001  1.2199198e+001
  1.6500000e+003  1.2331493e+001  4.0661054e+001  1.2199212e+001
  1.6600000e+003  1.2331954e+001  4.0604061e+001  1.2199225e+001
  1.6700000e+003  1.2371310e+001  4.0543701e+001  1.2199239e+001
  1.6800000e+003  1.2397154e+001  4.0487184e+001  1.2199252e+001
  1.6900000e+003  1.2385724e+001  4.0430641e+001  1.2199266e+001
  1.7000000e+003  1.2347529e+001  4.0375604e+001  1.2199279e+001
  1.7100000e+003  1.2283990e+001  4.0321233e+001  1.2199293e+001
  1.7200000e+003  1.2289933e+001  4.0271602e+001  1.2199306e+001
  1.7300000e+003  1.2326202e+001  4.0231649e+001  1.2199320e+001
  1.7400000e+003  1.2359449e+001  4.0195843e+001  1.2199333e+001
  1.7500000e+003  1.2359107e+001  4.0156588e+001  1.2199347e+001
  1.7600000e+003  1.2329979e+001  4.0107270e+001  1.2199360e+001
  1.7700000e+003  1.2293995e+001  4.0053602e+001  1.2199374e+001
  1.7800000e+003  1.2288728e+001  4.0002380e+001  1.2199387e+001
  1.7900000e+003  1.2319019e+001  3.9959212e+001  1.2199401e+001
  1.8000000e+003  1.2357021e+001  3.9919534e+001  1.2199414e+001
  1.8100000e+003  1.2199415e+001  3.9884888e+001  1.2199407e+001
  1.8200000e+003  1.2412648e+001  3.9850132e+001  1.2199395e+001
  1.8300000e+003  1.2373390e+001  3.9816023e+001  1.2199408e+001
  1.8400000e+003  1.2199360e+001  3.9783686e+001  1.2199358e+001
  1.8500000e+003  1.2199309e+001  3.9750834e+001  1.2199307e+001
  1.8600000e+003  1.2199259e+001  3.9717707e+001  1.2199257e+001
  1.8700000e+003  1.2199211e+001  3.9684872e+001  1.2199210e+001
  1.8800000e+003  1.2199164e+001  3.9652842e+001  1.2199163e+001
  1.8900000e+003  1.2199114e+001  3.9621159e+001  1.2199113e+001
  1.9000000e+003  1.2199062e+001  3.9588656e+001  1.2199060e+001
  1.9100000e+003  1.2332970e+001  3.9554174e+001  1.2199064e+001
  1.9200000e+003  1.2371260e+001  3.9518842e+001  1.2199077e+001
  1.9300000e+003  1.2400870e+001  3.9481383e+001  1.2199091e+001
  1.9400000e+003  1.2394577e+001  3.9439941e+001  1.2199104e+001
  1.9500000e+003  1.2358166e+001  3.9396797e+001  1.2199118e+001
  1.9600000e+003  1.2315335e+001  3.9356846e+001  1.2199131e+001
  1.9700000e+003  1.2199104e+001  3.9324819e+001  1.2199103e+001
  1.9800000e+003  1.2349831e+001  3.9282248e+001  1.2199101e+001
  1.9900000e+003  1.2385665e+001  3.9230755e+001  1.2199115e+001
  2.0000000e+003  1.2390584e+001  3.9174166e+001  1.2199128e+001
  2.0100000e+003  1.2358389e+001  3.9133922e+001  1.2199142e+001
  2.0200000e+003  1.2320492e+001  3.9090834e+001  1.2199155e+001
  2.0300000e+003  1.2310059e+001  3.9043437e+001  1.2199169e+001
  2.0400000e+003  1.2336681e+001  3.8994216e+001  1.2199182e+001
  2.0500000e+003  1.2375883e+001  3.8946632e+001  1.2199196e+001
  2.0600000e+003  1.2418541e+001  3.8903729e+001  1.2199209e+001
  2.0700000e+003  1.2396349e+001  3.8862851e+001  1.2199223e+001
  2.0800000e+003  1.2356626e+001  3.8821419e+001  1.2199236e+001
  2.0900000e+003  1.2335896e+001  3.8777487e+001  1.2199250e+001
  2.1000000e+003  1.2353217e+001  3.8732467e+001  1.2199263e+001
  2.1100000e+003  1.2320673e+001  3.8688821e+001  1.2199277e+001
  2.1200000e+003  1.2345974e+001  3.8648815e+001  1.2199290e+001
  2.1300000e+003  1.2333872e+001  3.8610381e+001  1.2199304e+001
  2.1400000e+003  1.2295489e+001  3.8567660e+001  1.2199317e+001
  2.1500000e+003  1.2266114e+001  3.8514767e+001  1.2199331e+001
  2.1600000e+003  1.2320443e+001  3.8457497e+001  1.2199344e+001
  2.1700000e+003  1.2356997e+001  3.8401185e+001  1.2199358e+001
  2.1800000e+003  1.2389854e+001  3.8349766e+001  1.2199371e+001
  2.1900000e+003  1.2388808e+001  3.8300483e+001  1.2199385e+001
  2.2000000e+003  1.2354821e+001  3.8258423e+001  1.2199398e+001
  2.2100000e+003  1.2331181e+001  3.8218962e+001  1.2199397e+001
  2.2200000e+003  1.2326612e+001  3.8181970e+001  1.2199411e+001
  2.2300000e+003  1.2357354e+001  3.8141397e+001  1.2199424e+001
  2.2400000e+003  1.2395144e+001  3.8086628e+001  1.2199438e+001
  2.2500000e+003  1.2405238e+001  3.8025685e+001  1.2199451e+001
  2.2600000e+003  1.2355921e+001  3.7969733e+001  1.2199465e+001
  2.2700000e+003  1.2316776e+001  3.7928452e+001  1.2199478e+001
  2.2800000e+003  1.2301361e+001  3.7893517e+001  1.2199492e+001
  2.2900000e+003  1.2323845e+001  3.7849737e+001  1.2199505e+001
  2.3000000e+003  1.2363558e+001  3.7801698e+001  1.2199519e+001
  2.3100000e+003  1.2421830e+001  3.7755992e+001  1.2199532e+001
  2.3200000e+003  1.2404195e+001  3.7709593e+001  1.2199546e+001
  2.3300000e+003  1.2364708e+001  3.7665569e+001  1.2199559e+001
  2.3400000e+003  1.2339674e+001  3.7622613e+001  1.2199573e+001
  2.3500000e+003  1.2352110e+001  3.7579476e+001  1.2199586e+001
  2.3600000e+003  1.2332636e+001  3.7535257e+001  1.2199600e+001
  2.3700000e+003  1.2361769e+001  3.7490564e+001  1.2199613e+001
  2.3800000e+003  1.2354783e+001  3.7445144e+001  1.2199627e+001
  2.3900000e+003  1.2318096e+001  3.7398483e+001  1.2199640e+001
  2.4000000e+003  1.2285438e+001  3.7351293e+001  1.2199654e+001
  2.4100000e+003  1.2331624e+001  3.7301845e+001  1.2199667e+001
  2.4200000e+003  1.2365795e+001  3.7247921e+001  1.2199681e+001
  2.4300000e+003  1.2401319e+001  3.7192081e+001  1.2199694e+001
  2.4400000e+003  1.2405539e+001  3.7140405e+001  1.2199708e+001
  2.4500000e+003  1.2374575e+001  3.7098861e+001  1.2199721e+001
  2.4600000e+003  1.2296275e+001  3.7061680e+001  1.2199735e+001
  2.4700000e+003  1.2286518e+001  3.7025680e+001  1.2199748e+001
  2.4800000e+003  1.2313659e+001  3.6989356e+001  1.2199762e+001
  2.4900000e+003  1.2352740e+001  3.6952856e+001  1.2199775e+001
  2.5000000e+003  1.2367831e+001  3.6914522e+001  1.2199789e+001
  2.5100000e+003  1.2405474e+001  3.6872387e+001  1.2199802e+001
  2.5200000e+003  1.2365777e+001  3.6828623e+001  1.2199816e+001
  2.5300000e+003  1.2345651e+001  3.6783407e+001  1.2199829e+001
  2.5400000e+003  1.2363602e+001  3.6736155e+001  1.2199843e+001
  2.5500000e+003  1.2403127e+001  3.6688041e+001  1.2199856e+001
  2.5600000e+003  1.2398435e+001  3.6644530e+001  1.2199870e+001
  2.5700000e+003  1.2199858e+001  3.6611398e+001  1.2199856e+001
  2.5800000e+003  1.2347104e+001  3.6569972e+001  1.2199852e+001
  2.5900000e+003  1.2318207e+001  3.6522384e+001  1.2199865e+001
  2.6000000e+003  1.2325540e+001  3.6471054e+001  1.2199879e+001
  2.6100000e+003  1.2302980e+001  3.6418057e+001  1.2199892e+001
  2.6200000e+003  1.2335432e+001  3.6362118e+001  1.2199906e+001
  2.6300000e+003  1.2333683e+001  3.6300988e+001  1.2199919e+001
  2.6400000e+003  1.2299338e+001  3.6237644e+001  1.2199933e+001
  2.6500000e+003  1.2263972e+001  3.6183433e+001  1.2199946e+001
  2.6600000e+003  1.2249896e+001  3.6146171e+001  1.2199943e+001
  2.6700000e+003  1.2281101e+001  3.6104231e+001  1.2199957e+001
  2.6800000e+003  1.2318668e+001  3.6057759e+001  1.2199970e+001
  2.6900000e+003  1.2328080e+001  3.6008338e+001  1.2199984e+001
  2.7000000e+003  1.2300684e+001  3.5962191e+001  1.2199997e+001
  2.7100000e+003  1.2273046e+001  3.5918388e+001  1.2200000e+001
  2.7200000e+003  1.2199991e+001  3.5884514e+001  1.2199982e+001
  2.7300000e+003  1.2281341e+001  3.5848973e+001  1.2199949e+001
  2.7400000e+003  1.2321028e+001  3.5795725e+001  1.2199963e+001
  2.7500000e+003  1.2340851e+001  3.5751972e+001  1.2199976e+001
  2.7600000e+003  1.2402528e+001  3.5704077e+001  1.2199989e+001
  2.7700000e+003  1.2362974e+001  3.5659090e+001  1.2200000e+001
  2.7800000e+003  1.2338490e+001  3.5623223e+001  1.2200000e+001
  2.7900000e+003  1.2199962e+001  3.5591307e+001  1.2199961e+001
  2.8000000e+003  1.2390234e+001  3.5557508e+001  1.2199939e+001
  2.8100000e+003  1.2427800e+001  3.5517118e+001  1.2199952e+001
  2.8200000e+003  1.2420122e+001  3.5473868e+001  1.2199966e+001
  2.8300000e+003  1.2383171e+001  3.5429126e+001  1.2199979e+001
  2.8400000e+003  1.2350919e+001  3.5383066e+001  1.2199993e+001
  2.8500000e+003  1.2353019e+001  3.5336463e+001  1.2200000e+001
  2.8600000e+003  1.2388425e+001  3.5292002e+001  1.2200000e+001
  2.8700000e+003  1.2423629e+001  3.5252464e+001  1.2200000e+001
  2.8800000e+003  1.2427149e+001  3.5215043e+001  1.2200000e+001
  2.8900000e+003  1.2395750e+001  3.5176667e+001  1.2200000e+001
  2.9000000e+003  1.2358299e+001  3.5134875e+001  1.2200000e+001
  2.9100000e+003  1.2283786e+001  3.5091600e+001  1.2200000e+001
  2.9200000e+003  1.2311431e+001  3.5049399e+001  1.2200000e+001
  2.9300000e+003  1.2350379e+001  3.5010457e+001  1.2200000e+001
  2.9400000e+003  1.2364818e+001  3.4972924e+001  1.2200000e+001
  2.9500000e+003  1.2341471e+001  3.4934311e+001  1.2200000e+001
  2.9600000e+003  1.2321714e+001  3.4892470e+001  1.2200000e+001
  2.9700000e+003  1.2302198e+001  3.4849234e+001  1.2200000e+001
  2.9800000e+003  1.2320774e+001  3.4809363e+001  1.2200000e+001
  2.9900000e+003  1.2199967e+001  3.4777585e+001  1.2199966e+001
  3.0000000e+003  1.2384571e+001  3.4733145e+001  1.2199973e+001
  3.0100000e+003  1.2366104e+001  3.4686370e+001  1.2199987e+001
  3.0200000e+003  1.2327382e+001  3.4637307e+001  1.2200000e+001
  3.0300000e+003  1.2298972e+001  3.4587215e+001  1.2200000e+001
  3.0400000e+003  1.2306995e+001  3.4535243e+001  1.2200000e+001
  3.0500000e+003  1.2344074e+001  3.4489317e+001  1.2200000e+001
  3.0600000e+003  1.2411465e+001  3.4438804e+001  1.2200000e+001
  3.0700000e+003  1.2409017e+001  3.4391343e+001  1.2200000e+001
  3.0800000e+003  1.2374323e+001  3.4353408e+001  1.2200000e+001
  3.0900000e+003  1.2339284e+001  3.4319599e+001  1.2200000e+001
  3.1000000e+003  1.2336114e+001  3.4285297e+001  1.2200000e+001
  3.1100000e+003  1.2374015e+001  3.4247255e+001  1.2200000e+001
  3.1200000e+003  1.2411348e+001  3.4207576e+001  1.2200000e+001
  3.1300000e+003  1.2200993e+001  3.4171577e+001  1.2199992e+001
  3.1400000e+003  1.2392173e+001  3.4129761e+001  1.2199998e+001
  3.1500000e+003  1.2353296e+001  3.4090770e+001  1.2200000e+001
  3.1600000e+003  1.2303761e+001  3.4049483e+001  1.2200000e+001
  3.1700000e+003  1.2327388e+001  3.3999095e+001  1.2200000e+001
  3.1800000e+003  1.2367033e+001  3.3944749e+001  1.2200000e+001
  3.1900000e+003  1.2386243e+001  3.3890399e+001  1.2200000e+001
  3.2000000e+003  1.2367357e+001  3.3838619e+001  1.2200000e+001
  3.2100000e+003  1.2289600e+001  3.3787975e+001  1.2200000e+001
  3.2200000e+003  1.2265672e+001  3.3735746e+001  1.2200000e+001
  3.2300000e+003  1.2279436e+001  3.3679395e+001  1.2200000e+001
  3.2400000e+003  1.2318236e+001  3.3621267e+001  1.2200000e+001
  3.2500000e+003  1.2346399e+001  3.3569003e+001  1.2200000e+001
  3.2600000e+003  1.2361242e+001  3.3524703e+001  1.2200000e+001
  3.2700000e+003  1.2324040e+001  3.3477690e+001  1.2200000e+001
  3.2800000e+003  1.2292204e+001  3.3429670e+001  1.2200000e+001
  3.2900000e+003  1.2295005e+001  3.3381275e+001  1.2200000e+001
  3.3000000e+003  1.2329869e+001  3.3332741e+001  1.2200000e+001
  3.3100000e+003  1.2367970e+001  3.3283705e+001  1.2200000e+001
  3.3200000e+003  1.2370789e+001  3.3233686e+001  1.2200000e+001
  3.3300000e+003  1.2338964e+001  3.3183247e+001  1.2200000e+001
  3.3400000e+003  1.2301754e+001  3.3135028e+001  1.2200000e+001
  3.3500000e+003  1.2293370e+001  3.3091820e+001  1.2200000e+001
  3.3600000e+003  1.2294901e+001  3.3050765e+001  1.2200000e+001
  3.3700000e+003  1.2333703e+001  3.3009705e+001  1.2200000e+001
  3.3800000e+003  1.2347483e+001  3.2967232e+001  1.2200000e+001
  3.3900000e+003  1.2323571e+001  3.2924134e+001  1.2200000e+001
  3.4000000e+003  1.2283951e+001  3.2884459e+001  1.2200000e+001
  3.4100000e+003  1.2199965e+001  3.2852497e+001  1.2199963e+001
  3.4200000e+003  1.2279977e+001  3.2810068e+001  1.2199960e+001
  3.4300000e+003  1.2319621e+001  3.2761654e+001  1.2199973e+001
  3.4400000e+003  1.2343265e+001  3.2708906e+001  1.2199987e+001
  3.4500000e+003  1.2329171e+001  3.2654253e+001  1.2200000e+001
  3.4600000e+003  1.2353660e+001  3.2602096e+001  1.2200000e+001
  3.4700000e+003  1.2325750e+001  3.2556273e+001  1.2200000e+001
  3.4800000e+003  1.2334461e+001  3.2506701e+001  1.2200000e+001
  3.4900000e+003  1.2371787e+001  3.2456616e+001  1.2200000e+001
  3.5000000e+003  1.2403411e+001  3.2407885e+001  1.2200000e+001
  3.5100000e+003  1.2385330e+001  3.2359765e+001  1.2200000e+001
  3.5200000e+003  1.2350298e+001  3.2312953e+001  1.2200000e+001
  3.5300000e+003  1.2315596e+001  3.2268530e+001  1.2200000e+001
  3.5400000e+003  1.2313128e+001  3.2225127e+001  1.2200000e+001
  3.5500000e+003  1.2345163e+001  3.2186063e+001  1.2200000e+001
  3.5600000e+003  1.2382613e+001  3.2150706e+001  1.2199977e+001
  3.5700000e+003  1.2390668e+001  3.2105769e+001  1.2199991e+001
  3.5800000e+003  1.2362271e+001  3.2056879e+001  1.2200000e+001
  3.5900000e+003  1.2323544e+001  3.1996977e+001  1.2200000e+001
  3.6000000e+003  1.2310094e+001  3.1956720e+001  1.2200000e+001
  3.6100000e+003  1.2344100e+001  3.1919660e+001  1.2199993e+001
  3.6200000e+003  1.2384833e+001  3.1881289e+001  1.2200000e+001
  3.6300000e+003  1.2403424e+001  3.1843551e+001  1.2199981e+001
  3.6400000e+003  1.2383922e+001  3.1801790e+001  1.2199994e+001
  3.6500000e+003  1.2199960e+001  3.1771225e+001  1.2199958e+001
  3.6600000e+003  1.2199905e+001  3.1745340e+001  1.2199903e+001
  3.6700000e+003  1.2199850e+001  3.1717419e+001  1.2199848e+001
  3.6800000e+003  1.2366664e+001  3.1682105e+001  1.2199846e+001
  3.6900000e+003  1.2394326e+001  3.1643580e+001  1.2199859e+001
  3.7000000e+003  1.2385273e+001  3.1595628e+001  1.2199873e+001
  3.7100000e+003  1.2352462e+001  3.1550052e+001  1.2199886e+001
  3.7200000e+003  1.2321052e+001  3.1498048e+001  1.2199900e+001
  3.7300000e+003  1.2324555e+001  3.1453044e+001  1.2199913e+001
  3.7400000e+003  1.2359751e+001  3.1413795e+001  1.2199919e+001
  3.7500000e+003  1.2199885e+001  3.1383560e+001  1.2199883e+001
  3.7600000e+003  1.2199836e+001  3.1364163e+001  1.2199835e+001
  3.7700000e+003  1.2199787e+001  3.1352571e+001  1.2199785e+001
  3.7800000e+003  1.2199734e+001  3.1340987e+001  1.2199732e+001
  3.7900000e+003  1.2199679e+001  3.1329402e+001  1.2199677e+001
  3.8000000e+003  1.2199625e+001  3.1317818e+001  1.2199624e+001
  3.8100000e+003  1.2199571e+001  3.1306234e+001  1.2199569e+001
  3.8200000e+003  1.2199518e+001  3.1294649e+001  1.2199517e+001
  3.8300000e+003  1.2199465e+001  3.1283065e+001  1.2199463e+001
  3.8400000e+003  1.2199409e+001  3.1271481e+001  1.2199407e+001
  3.8500000e+003  1.2199350e+001  3.1259896e+001  1.2199348e+001
  3.8600000e+003  1.2199296e+001  3.1248312e+001  1.2199295e+001
  3.8700000e+003  1.2199246e+001  3.1236727e+001  1.2199244e+001
  3.8800000e+003  1.2199198e+001  3.1225143e+001  1.2199196e+001
  3.8900000e+003  1.2199150e+001  3.1213559e+001  1.2199148e+001
  3.9000000e+003  1.2199100e+001  3.1201974e+001  1.2199098e+001
  3.9100000e+003  1.2255942e+001  3.1179584e+001  1.2199057e+001
  3.9200000e+003  1.2265384e+001  3.1129135e+001  1.2199070e+001
  3.9300000e+003  1.2302945e+001  3.1086179e+001  1.2199084e+001
  3.9400000e+003  1.2334139e+001  3.1043219e+001  1.2199097e+001
  3.9500000e+003  1.2330286e+001  3.1006109e+001  1.2199111e+001
  3.9600000e+003  1.2374559e+001  3.0971584e+001  1.2199124e+001
  3.9700000e+003  1.2199111e+001  3.0938943e+001  1.2199109e+001
  3.9800000e+003  1.2199057e+001  3.0908638e+001  1.2199055e+001
  3.9900000e+003  1.2319614e+001  3.0878890e+001  1.2199006e+001
  4.0000000e+003  1.2407718e+001  3.0830943e+001  1.2199019e+001
  4.0100000e+003  1.2398901e+001  3.0785294e+001  1.2199032e+001
  4.0200000e+003  1.2370015e+001  3.0740965e+001  1.2199046e+001
  4.0300000e+003  1.2199034e+001  3.0706625e+001  1.2199032e+001
  4.0400000e+003  1.2198979e+001  3.0692879e+001  1.2198977e+001
  4.0500000e+003  1.2198924e+001  3.0681295e+001  1.2198922e+001
  4.0600000e+003  1.2366788e+001  3.0661913e+001  1.2198878e+001
  4.0700000e+003  1.2389351e+001  3.0610042e+001  1.2198891e+001
  4.0800000e+003  1.2369239e+001  3.0565765e+001  1.2198905e+001
  4.0900000e+003  1.2199443e+001  3.0529467e+001  1.2198906e+001
  4.1000000e+003  1.2306751e+001  3.0486487e+001  1.2198915e+001
  4.1100000e+003  1.2353546e+001  3.0448269e+001  1.2198929e+001
  4.1200000e+003  1.2198905e+001  3.0417821e+001  1.2198903e+001
  4.1300000e+003  1.2198857e+001  3.0400060e+001  1.2198856e+001
  4.1400000e+003  1.2198810e+001  3.0388463e+001  1.2198808e+001
  4.1500000e+003  1.2198761e+001  3.0376879e+001  1.2198759e+001
  4.1600000e+003  1.2198709e+001  3.0365295e+001  1.2198707e+001
  4.1700000e+003  1.2198655e+001  3.0353710e+001  1.2198653e+001
  4.1800000e+003  1.2198603e+001  3.0342126e+001  1.2198602e+001
  4.1900000e+003  1.2198555e+001  3.0319997e+001  1.2198553e+001
  4.2000000e+003  1.2198508e+001  3.0288676e+001  1.2198506e+001
  4.2100000e+003  1.2347396e+001  3.0244016e+001  1.2198511e+001
  4.2200000e+003  1.2310700e+001  3.0198832e+001  1.2198525e+001
  4.2300000e+003  1.2303696e+001  3.0153275e+001  1.2198538e+001
  4.2400000e+003  1.2332822e+001  3.0110909e+001  1.2198552e+001
  4.2500000e+003  1.2369694e+001  3.0076968e+001  1.2198534e+001
  4.2600000e+003  1.2369227e+001  3.0030310e+001  1.2198547e+001
  4.2700000e+003  1.2344205e+001  2.9983801e+001  1.2198561e+001
  4.2800000e+003  1.2304716e+001  2.9932840e+001  1.2198574e+001
  4.2900000e+003  1.2287063e+001  2.9879903e+001  1.2198588e+001
  4.3000000e+003  1.2307477e+001  2.9831795e+001  1.2198601e+001
  4.3100000e+003  1.2393305e+001  2.9795284e+001  1.2198615e+001
  4.3200000e+003  1.2198580e+001  2.9763762e+001  1.2198578e+001
  4.3300000e+003  1.2400408e+001  2.9727527e+001  1.2198568e+001
  4.3400000e+003  1.2361267e+001  2.9677981e+001  1.2198581e+001
  4.3500000e+003  1.2334372e+001  2.9622682e+001  1.2198595e+001
  4.3600000e+003  1.2201682e+001  2.9578059e+001  1.2198600e+001
  4.3700000e+003  1.2198550e+001  2.9560692e+001  1.2198549e+001
  4.3800000e+003  1.2198503e+001  2.9549107e+001  1.2198501e+001
  4.3900000e+003  1.2198456e+001  2.9533486e+001  1.2198454e+001
  4.4000000e+003  1.2382555e+001  2.9493601e+001  1.2198458e+001
  4.4100000e+003  1.2283783e+001  2.9442887e+001  1.2198471e+001
  4.4200000e+003  1.2282715e+001  2.9390548e+001  1.2198485e+001
  4.4300000e+003  1.2315562e+001  2.9341791e+001  1.2198498e+001
  4.4400000e+003  1.2352120e+001  2.9294661e+001  1.2198512e+001
  4.4500000e+003  1.2358777e+001  2.9251964e+001  1.2198525e+001
  4.4600000e+003  1.2200625e+001  2.9217668e+001  1.2198529e+001
  4.4700000e+003  1.2198476e+001  2.9186962e+001  1.2198474e+001
  4.4800000e+003  1.2198418e+001  2.9155513e+001  1.2198416e+001
  4.4900000e+003  1.2307410e+001  2.9120140e+001  1.2198426e+001
  4.5000000e+003  1.2346860e+001  2.9083054e+001  1.2198439e+001
  4.5100000e+003  1.2362368e+001  2.9037830e+001  1.2198453e+001
  4.5200000e+003  1.2341653e+001  2.8983729e+001  1.2198466e+001
  4.5300000e+003  1.2301931e+001  2.8944138e+001  1.2198480e+001
  4.5400000e+003  1.2198720e+001  2.8907956e+001  1.2198479e+001
  4.5500000e+003  1.2295446e+001  2.8864939e+001  1.2198489e+001
  4.5600000e+003  1.2391008e+001  2.8826683e+001  1.2198503e+001
  4.5700000e+003  1.2417647e+001  2.8786516e+001  1.2198516e+001
  4.5800000e+003  1.2407230e+001  2.8737481e+001  1.2198530e+001
  4.5900000e+003  1.2369338e+001  2.8684582e+001  1.2198543e+001
  4.6000000e+003  1.2199300e+001  2.8642060e+001  1.2198545e+001
  4.6100000e+003  1.2198491e+001  2.8625031e+001  1.2198489e+001
  4.6200000e+003  1.2198437e+001  2.8613446e+001  1.2198435e+001
  4.6300000e+003  1.2198386e+001  2.8596242e+001  1.2198384e+001
  4.6400000e+003  1.2386770e+001  2.8552404e+001  1.2198396e+001
  4.6500000e+003  1.2353727e+001  2.8496838e+001  1.2198409e+001
  4.6600000e+003  1.2349747e+001  2.8445675e+001  1.2198423e+001
  4.6700000e+003  1.2343439e+001  2.8403926e+001  1.2198436e+001
  4.6800000e+003  1.2373038e+001  2.8360032e+001  1.2198450e+001
  4.6900000e+003  1.2408729e+001  2.8320933e+001  1.2198456e+001
  4.7000000e+003  1.2198625e+001  2.8283978e+001  1.2198455e+001
  4.7100000e+003  1.2198408e+001  2.8258440e+001  1.2198407e+001
  4.7200000e+003  1.2198357e+001  2.8240447e+001  1.2198355e+001
  4.7300000e+003  1.2198303e+001  2.8228852e+001  1.2198301e+001
  4.7400000e+003  1.2198249e+001  2.8217267e+001  1.2198248e+001
  4.7500000e+003  1.2198198e+001  2.8205683e+001  1.2198197e+001
  4.7600000e+003  1.2198148e+001  2.8194099e+001  1.2198146e+001
  4.7700000e+003  1.2198098e+001  2.8182514e+001  1.2198096e+001
  4.7800000e+003  1.2198045e+001  2.8165910e+001  1.2198043e+001
  4.7900000e+003  1.2300213e+001  2.8128579e+001  1.2198041e+001
  4.8000000e+003  1.2310969e+001  2.8083082e+001  1.2198054e+001
  4.8100000e+003  1.2222121e+001  2.8042394e+001  1.2198063e+001
  4.8200000e+003  1.2198015e+001  2.8017287e+001  1.2198014e+001
  4.8300000e+003  1.2197967e+001  2.7998955e+001  1.2197965e+001
  4.8400000e+003  1.2197917e+001  2.7985021e+001  1.2197915e+001
  4.8500000e+003  1.2197863e+001  2.7958924e+001  1.2197861e+001
  4.8600000e+003  1.2197807e+001  2.7929861e+001  1.2197805e+001
  4.8700000e+003  1.2197752e+001  2.7906873e+001  1.2197750e+001
  4.8800000e+003  1.2197700e+001  2.7895234e+001  1.2197699e+001
  4.8900000e+003  1.2197651e+001  2.7883650e+001  1.2197649e+001
  4.9000000e+003  1.2197600e+001  2.7868094e+001  1.2197598e+001
  4.9100000e+003  1.2279689e+001  2.7827524e+001  1.2197601e+001
  4.9200000e+003  1.2268240e+001  2.7775529e+001  1.2197615e+001
  4.9300000e+003  1.2294071e+001  2.7728982e+001  1.2197628e+001
  4.9400000e+003  1.2197584e+001  2.7701497e+001  1.2197583e+001
  4.9500000e+003  1.2197531e+001  2.7682285e+001  1.2197530e+001
  4.9600000e+003  1.2393459e+001  2.7657311e+001  1.2197487e+001
  4.9700000e+003  1.2370585e+001  2.7614651e+001  1.2197501e+001
  4.9800000e+003  1.2348963e+001  2.7564336e+001  1.2197514e+001
  4.9900000e+003  1.2365330e+001  2.7511805e+001  1.2197528e+001
  5.0000000e+003  1.2404638e+001  2.7459537e+001  1.2197541e+001
  5.0100000e+003  1.2373644e+001  2.7407444e+001  1.2197555e+001
  5.0200000e+003  1.2362546e+001  2.7360417e+001  1.2197568e+001
  5.0300000e+003  1.2324448e+001  2.7324084e+001  1.2197582e+001
  5.0400000e+003  1.2197543e+001  2.7292339e+001  1.2197541e+001
  5.0500000e+003  1.2299927e+001  2.7259767e+001  1.2197502e+001
  5.0600000e+003  1.2358500e+001  2.7222444e+001  1.2197516e+001
  5.0700000e+003  1.2391939e+001  2.7183045e+001  1.2197529e+001
  5.0800000e+003  1.2391947e+001  2.7146242e+001  1.2197543e+001
  5.0900000e+003  1.2197496e+001  2.7116333e+001  1.2197494e+001
  5.1000000e+003  1.2197442e+001  2.7089399e+001  1.2197440e+001
  5.1100000e+003  1.2197386e+001  2.7063809e+001  1.2197384e+001
  5.1200000e+003  1.2197331e+001  2.7039153e+001  1.2197329e+001
  5.1300000e+003  1.2197278e+001  2.7014871e+001  1.2197277e+001
  5.1400000e+003  1.2382396e+001  2.6982549e+001  1.2197253e+001
  5.1500000e+003  1.2356300e+001  2.6932824e+001  1.2197266e+001
  5.1600000e+003  1.2279697e+001  2.6875631e+001  1.2197280e+001
  5.1700000e+003  1.2263312e+001  2.6821650e+001  1.2197293e+001
  5.1800000e+003  1.2284921e+001  2.6779392e+001  1.2197307e+001
  5.1900000e+003  1.2324652e+001  2.6742225e+001  1.2197320e+001
  5.2000000e+003  1.2197291e+001  2.6713082e+001  1.2197290e+001
  5.2100000e+003  1.2197238e+001  2.6699143e+001  1.2197236e+001
  5.2200000e+003  1.2197182e+001  2.6687559e+001  1.2197180e+001
  5.2300000e+003  1.2261424e+001  2.6666474e+001  1.2197133e+001
  5.2400000e+003  1.2273262e+001  2.6614940e+001  1.2197147e+001
  5.2500000e+003  1.2311458e+001  2.6566613e+001  1.2197160e+001
  5.2600000e+003  1.2365929e+001  2.6528156e+001  1.2197169e+001
  5.2700000e+003  1.2197132e+001  2.6501483e+001  1.2197131e+001
  5.2800000e+003  1.2197079e+001  2.6488710e+001  1.2197077e+001
  5.2900000e+003  1.2197023e+001  2.6473492e+001  1.2197021e+001
  5.3000000e+003  1.2290811e+001  2.6440414e+001  1.2196995e+001
  5.3100000e+003  1.2333046e+001  2.6400674e+001  1.2197009e+001
  5.3200000e+003  1.2197012e+001  2.6365315e+001  1.2197001e+001
  5.3300000e+003  1.2196952e+001  2.6343638e+001  1.2196951e+001
  5.3400000e+003  1.2196900e+001  2.6330684e+001  1.2196899e+001
  5.3500000e+003  1.2196846e+001  2.6319099e+001  1.2196844e+001
  5.3600000e+003  1.2196793e+001  2.6302567e+001  1.2196791e+001
  5.3700000e+003  1.2196741e+001  2.6278465e+001  1.2196739e+001
  5.3800000e+003  1.2196692e+001  2.6249674e+001  1.2196691e+001
  5.3900000e+003  1.2432029e+001  2.6212399e+001  1.2196704e+001
  5.4000000e+003  1.2410127e+001  2.6171504e+001  1.2196717e+001
  5.4100000e+003  1.2367637e+001  2.6125757e+001  1.2196731e+001
  5.4200000e+003  1.2346609e+001  2.6072015e+001  1.2196744e+001
  5.4300000e+003  1.2363614e+001  2.6014872e+001  1.2196758e+001
  5.4400000e+003  1.2403018e+001  2.5963976e+001  1.2196771e+001
  5.4500000e+003  1.2197136e+001  2.5928625e+001  1.2196772e+001
  5.4600000e+003  1.2196720e+001  2.5899972e+001  1.2196718e+001
  5.4700000e+003  1.2196664e+001  2.5870136e+001  1.2196662e+001
  5.4800000e+003  1.2253275e+001  2.5833416e+001  1.2196675e+001
  5.4900000e+003  1.2259569e+001  2.5793686e+001  1.2196688e+001
  5.5000000e+003  1.2295981e+001  2.5755854e+001  1.2196702e+001
  5.5100000e+003  1.2196674e+001  2.5724033e+001  1.2196673e+001
  5.5200000e+003  1.2196626e+001  2.5694815e+001  1.2196625e+001
  5.5300000e+003  1.2196577e+001  2.5665274e+001  1.2196575e+001
  5.5400000e+003  1.2196524e+001  2.5633347e+001  1.2196522e+001
  5.5500000e+003  1.2196469e+001  2.5600374e+001  1.2196467e+001
  5.5600000e+003  1.2196417e+001  2.5573537e+001  1.2196415e+001
  5.5700000e+003  1.2196368e+001  2.5561088e+001  1.2196366e+001
  5.5800000e+003  1.2196321e+001  2.5549503e+001  1.2196319e+001
  5.5900000e+003  1.2196273e+001  2.5537919e+001  1.2196271e+001
  5.6000000e+003  1.2196222e+001  2.5519707e+001  1.2196221e+001
  5.6100000e+003  1.2196170e+001  2.5492676e+001  1.2196168e+001
  5.6200000e+003  1.2366366e+001  2.5455088e+001  1.2196156e+001
  5.6300000e+003  1.2406088e+001  2.5398190e+001  1.2196170e+001
  5.6400000e+003  1.2426817e+001  2.5353381e+001  1.2196183e+001
  5.6500000e+003  1.2409493e+001  2.5314959e+001  1.2196191e+001
  5.6600000e+003  1.2196160e+001  2.5284966e+001  1.2196158e+001
  5.6700000e+003  1.2196102e+001  2.5266487e+001  1.2196100e+001
  5.6800000e+003  1.2196043e+001  2.5254845e+001  1.2196041e+001
  5.6900000e+003  1.2195987e+001  2.5243260e+001  1.2195985e+001
  5.7000000e+003  1.2195934e+001  2.5231676e+001  1.2195932e+001
  5.7100000e+003  1.2380489e+001  2.5213101e+001  1.2195888e+001
  5.7200000e+003  1.2362552e+001  2.5163270e+001  1.2195902e+001
  5.7300000e+003  1.2329696e+001  2.5113616e+001  1.2195915e+001
  5.7400000e+003  1.2330743e+001  2.5074960e+001  1.2195929e+001
  5.7500000e+003  1.2364730e+001  2.5037918e+001  1.2195942e+001
  5.7600000e+003  1.2416780e+001  2.5001635e+001  1.2195956e+001
  5.7700000e+003  1.2421350e+001  2.4966817e+001  1.2195969e+001
  5.7800000e+003  1.2195943e+001  2.4934628e+001  1.2195941e+001
  5.7900000e+003  1.2195892e+001  2.4903560e+001  1.2195890e+001
  5.8000000e+003  1.2196146e+001  2.4867728e+001  1.2195877e+001
  5.8100000e+003  1.2195826e+001  2.4851558e+001  1.2195824e+001
  5.8200000e+003  1.2195775e+001  2.4839973e+001  1.2195774e+001
  5.8300000e+003  1.2399314e+001  2.4821099e+001  1.2195732e+001
  5.8400000e+003  1.2391511e+001  2.4771305e+001  1.2195745e+001
  5.8500000e+003  1.2351798e+001  2.4720814e+001  1.2195759e+001
  5.8600000e+003  1.2267541e+001  2.4682710e+001  1.2195763e+001
  5.8700000e+003  1.2195748e+001  2.4648602e+001  1.2195746e+001
  5.8800000e+003  1.2195692e+001  2.4624403e+001  1.2195690e+001
  5.8900000e+003  1.2195638e+001  2.4608266e+001  1.2195636e+001
  5.9000000e+003  1.2195585e+001  2.4596680e+001  1.2195583e+001
  5.9100000e+003  1.2195533e+001  2.4585096e+001  1.2195532e+001
  5.9200000e+003  1.2195479e+001  2.4573511e+001  1.2195477e+001
  5.9300000e+003  1.2195424e+001  2.4561927e+001  1.2195422e+001
  5.9400000e+003  1.2195370e+001  2.4550343e+001  1.2195369e+001
  5.9500000e+003  1.2195320e+001  2.4532805e+001  1.2195318e+001
  5.9600000e+003  1.2339105e+001  2.4499289e+001  1.2195298e+001
  5.9700000e+003  1.2304934e+001  2.4460425e+001  1.2195311e+001
  5.9800000e+003  1.2269410e+001  2.4417991e+001  1.2195325e+001
  5.9900000e+003  1.2265191e+001  2.4371423e+001  1.2195338e+001
  6.0000000e+003  1.2296156e+001  2.4323124e+001  1.2195352e+001
  6.0100000e+003  1.2382514e+001  2.4276545e+001  1.2195365e+001
  6.0200000e+003  1.2392269e+001  2.4234761e+001  1.2195379e+001
  6.0300000e+003  1.2365128e+001  2.4195048e+001  1.2195392e+001
  6.0400000e+003  1.2326047e+001  2.4158686e+001  1.2195406e+001
  6.0500000e+003  1.2195356e+001  2.4128126e+001  1.2195355e+001
  6.0600000e+003  1.2195304e+001  2.4100037e+001  1.2195302e+001
  6.0700000e+003  1.2410104e+001  2.4061715e+001  1.2195291e+001
  6.0800000e+003  1.2430230e+001  2.4010666e+001  1.2195305e+001
  6.0900000e+003  1.2412277e+001  2.3969124e+001  1.2195318e+001
  6.1000000e+003  1.2372373e+001  2.3930106e+001  1.2195325e+001
  6.1100000e+003  1.2195317e+001  2.3894631e+001  1.2195313e+001
  6.1200000e+003  1.2195256e+001  2.3870603e+001  1.2195254e+001
  6.1300000e+003  1.2195199e+001  2.3846785e+001  1.2195197e+001
  6.1400000e+003  1.2195145e+001  2.3815876e+001  1.2195143e+001
  6.1500000e+003  1.2339530e+001  2.3781828e+001  1.2195129e+001
  6.1600000e+003  1.2195105e+001  2.3751092e+001  1.2195103e+001
  6.1700000e+003  1.2195052e+001  2.3729467e+001  1.2195050e+001
  6.1800000e+003  1.2194998e+001  2.3711777e+001  1.2194996e+001
  6.1900000e+003  1.2194945e+001  2.3689391e+001  1.2194943e+001
  6.2000000e+003  1.2405138e+001  2.3654421e+001  1.2194934e+001
  6.2100000e+003  1.2365982e+001  2.3614020e+001  1.2194948e+001
  6.2200000e+003  1.2194932e+001  2.3581120e+001  1.2194930e+001
  6.2300000e+003  1.2194877e+001  2.3567767e+001  1.2194875e+001
  6.2400000e+003  1.2194819e+001  2.3556182e+001  1.2194817e+001
  6.2500000e+003  1.2194762e+001  2.3542570e+001  1.2194760e+001
  6.2600000e+003  1.2384299e+001  2.3508103e+001  1.2194745e+001
  6.2700000e+003  1.2399065e+001  2.3464130e+001  1.2194759e+001
  6.2800000e+003  1.2194824e+001  2.3426174e+001  1.2194756e+001
  6.2900000e+003  1.2194705e+001  2.3408346e+001  1.2194703e+001
  6.3000000e+003  1.2194650e+001  2.3396759e+001  1.2194648e+001
  6.3100000e+003  1.2194596e+001  2.3383515e+001  1.2194594e+001
  6.3200000e+003  1.2370167e+001  2.3353273e+001  1.2194548e+001
  6.3300000e+003  1.2405206e+001  2.3316452e+001  1.2194562e+001
  6.3400000e+003  1.2194546e+001  2.3284523e+001  1.2194544e+001
  6.3500000e+003  1.2194495e+001  2.3268731e+001  1.2194493e+001
  6.3600000e+003  1.2194437e+001  2.3257146e+001  1.2194435e+001
  6.3700000e+003  1.2194377e+001  2.3245562e+001  1.2194375e+001
  6.3800000e+003  1.2194320e+001  2.3233978e+001  1.2194318e+001
  6.3900000e+003  1.2194265e+001  2.3222393e+001  1.2194263e+001
  6.4000000e+003  1.2194212e+001  2.3210809e+001  1.2194210e+001
  6.4100000e+003  1.2194156e+001  2.3199224e+001  1.2194154e+001
  6.4200000e+003  1.2194097e+001  2.3187640e+001  1.2194095e+001
  6.4300000e+003  1.2194037e+001  2.3176056e+001  1.2194035e+001
  6.4400000e+003  1.2193978e+001  2.3164471e+001  1.2193976e+001
  6.4500000e+003  1.2193921e+001  2.3152887e+001  1.2193919e+001
  6.4600000e+003  1.2193869e+001  2.3135759e+001  1.2193867e+001
  6.4700000e+003  1.2329605e+001  2.3097389e+001  1.2193869e+001
  6.4800000e+003  1.2290657e+001  2.3050635e+001  1.2193883e+001
  6.4900000e+003  1.2276220e+001  2.2998643e+001  1.2193896e+001
  6.5000000e+003  1.2299568e+001  2.2940934e+001  1.2193910e+001
  6.5100000e+003  1.2393367e+001  2.2880842e+001  1.2193923e+001
  6.5200000e+003  1.2412887e+001  2.2832667e+001  1.2193937e+001
  6.5300000e+003  1.2394310e+001  2.2782675e+001  1.2193950e+001
  6.5400000e+003  1.2354719e+001  2.2728361e+001  1.2193964e+001
  6.5500000e+003  1.2330514e+001  2.2676431e+001  1.2193977e+001
  6.5600000e+003  1.2346105e+001  2.2632405e+001  1.2193991e+001
  6.5700000e+003  1.2384828e+001  2.2591804e+001  1.2194004e+001
  6.5800000e+003  1.2413237e+001  2.2553707e+001  1.2194014e+001
  6.5900000e+003  1.2193971e+001  2.2532876e+001  1.2193969e+001
  6.6000000e+003  1.2193921e+001  2.2521284e+001  1.2193919e+001
  6.6100000e+003  1.2193865e+001  2.2509700e+001  1.2193863e+001
  6.6200000e+003  1.2193807e+001  2.2498116e+001  1.2193805e+001
  6.6300000e+003  1.2193751e+001  2.2486531e+001  1.2193749e+001
  6.6400000e+003  1.2193698e+001  2.2473654e+001  1.2193696e+001
  6.6500000e+003  1.2193647e+001  2.2444347e+001  1.2193645e+001
  6.6600000e+003  1.2389660e+001  2.2408713e+001  1.2193653e+001
  6.6700000e+003  1.2193629e+001  2.2379345e+001  1.2193627e+001
  6.6800000e+003  1.2193576e+001  2.2366921e+001  1.2193574e+001
  6.6900000e+003  1.2193523e+001  2.2355337e+001  1.2193522e+001
  6.7000000e+003  1.2193474e+001  2.2343752e+001  1.2193472e+001
  6.7100000e+003  1.2193424e+001  2.2323197e+001  1.2193423e+001
  6.7200000e+003  1.2193374e+001  2.2293573e+001  1.2193372e+001
  6.7300000e+003  1.2193320e+001  2.2263776e+001  1.2193318e+001
  6.7400000e+003  1.2193264e+001  2.2237696e+001  1.2193262e+001
  6.7500000e+003  1.2193026e+001  2.2213262e+001  1.2193016e+001
  6.7600000e+003  1.2342300e+001  2.2182373e+001  1.2192846e+001
  6.7700000e+003  1.2366231e+001  2.2136634e+001  1.2192917e+001
  6.7800000e+003  1.2352465e+001  2.2084511e+001  1.2192988e+001
  6.7900000e+003  1.2313665e+001  2.2028306e+001  1.2193057e+001
  6.8000000e+003  1.2285503e+001  2.1967546e+001  1.2193126e+001
  6.8100000e+003  1.2331728e+001  2.1904886e+001  1.2193195e+001
  6.8200000e+003  1.2368935e+001  2.1859041e+001  1.2193254e+001
  6.8300000e+003  1.2400770e+001  2.1817554e+001  1.2193268e+001
  6.8400000e+003  1.2397967e+001  2.1774635e+001  1.2193281e+001
  6.8500000e+003  1.2363103e+001  2.1736043e+001  1.2193295e+001
  6.8600000e+003  1.2334081e+001  2.1695124e+001  1.2193288e+001
  6.8700000e+003  1.2331263e+001  2.1653506e+001  1.2193302e+001
  6.8800000e+003  1.2363090e+001  2.1614929e+001  1.2193315e+001
  6.8900000e+003  1.2400299e+001  2.1577913e+001  1.2193329e+001
  6.9000000e+003  1.2408682e+001  2.1541503e+001  1.2193342e+001
  6.9100000e+003  1.2335375e+001  2.1494364e+001  1.2193356e+001
  6.9200000e+003  1.2296569e+001  2.1449800e+001  1.2193369e+001
  6.9300000e+003  1.2282790e+001  2.1398886e+001  1.2193383e+001
  6.9400000e+003  1.2306703e+001  2.1343768e+001  1.2193396e+001
  6.9500000e+003  1.2346323e+001  2.1284096e+001  1.2193410e+001
  6.9600000e+003  1.2382683e+001  2.1222527e+001  1.2193423e+001
  6.9700000e+003  1.2363488e+001  2.1170042e+001  1.2193437e+001
  6.9800000e+003  1.2323843e+001  2.1131745e+001  1.2193437e+001
  6.9900000e+003  1.2300201e+001  2.1091972e+001  1.2193451e+001
  7.0000000e+003  1.2314295e+001  2.1053736e+001  1.2193464e+001
  7.0100000e+003  1.2337676e+001  2.1008824e+001  1.2193478e+001
  7.0200000e+003  1.2365588e+001  2.0960920e+001  1.2193491e+001
  7.0300000e+003  1.2196000e+001  2.0920453e+001  1.2193496e+001
  7.0400000e+003  1.2193444e+001  2.0897808e+001  1.2193442e+001
  7.0500000e+003  1.2193387e+001  2.0885386e+001  1.2193385e+001
  7.0600000e+003  1.2193328e+001  2.0868464e+001  1.2193326e+001
  7.0700000e+003  1.2309880e+001  2.0833374e+001  1.2193314e+001
  7.0800000e+003  1.2344582e+001  2.0791657e+001  1.2193328e+001
  7.0900000e+003  1.2347049e+001  2.0741952e+001  1.2193341e+001
  7.1000000e+003  1.2315013e+001  2.0688384e+001  1.2193355e+001
  7.1100000e+003  1.2261539e+001  2.0649153e+001  1.2193368e+001
  7.1200000e+003  1.2253432e+001  2.0611426e+001  1.2193371e+001
  7.1300000e+003  1.2212691e+001  2.0573471e+001  1.2193381e+001
  7.1400000e+003  1.2193326e+001  2.0544645e+001  1.2193324e+001
  7.1500000e+003  1.2334023e+001  2.0513694e+001  1.2193288e+001
  7.1600000e+003  1.2345154e+001  2.0472198e+001  1.2193302e+001
  7.1700000e+003  1.2305564e+001  2.0426101e+001  1.2193315e+001
  7.1800000e+003  1.2286974e+001  2.0379033e+001  1.2193329e+001
  7.1900000e+003  1.2306477e+001  2.0332891e+001  1.2193342e+001
  7.2000000e+003  1.2346142e+001  2.0287183e+001  1.2193356e+001
  7.2100000e+003  1.2341563e+001  2.0246669e+001  1.2193369e+001
  7.2200000e+003  1.2193327e+001  2.0216953e+001  1.2193325e+001
  7.2300000e+003  1.2193271e+001  2.0191866e+001  1.2193269e+001
  7.2400000e+003  1.2193047e+001  2.0167838e+001  1.2193037e+001
  7.2500000e+003  1.2192732e+001  2.0143057e+001  1.2192721e+001
  7.2600000e+003  1.2192435e+001  2.0117913e+001  1.2192426e+001
  7.2700000e+003  1.2391317e+001  2.0076932e+001  1.2192380e+001
  7.2800000e+003  1.2387813e+001  2.0028579e+001  1.2192455e+001
  7.2900000e+003  1.2352617e+001  1.9970723e+001  1.2192531e+001
  7.3000000e+003  1.2318088e+001  1.9921976e+001  1.2192605e+001
  7.3100000e+003  1.2192625e+001  1.9885945e+001  1.2192559e+001
  7.3200000e+003  1.2192283e+001  1.9866163e+001  1.2192273e+001
  7.3300000e+003  1.2192004e+001  1.9854543e+001  1.2191995e+001
  7.3400000e+003  1.2191728e+001  1.9834814e+001  1.2191718e+001
  7.3500000e+003  1.2191435e+001  1.9809483e+001  1.2191425e+001
  7.3600000e+003  1.2191063e+001  1.9789812e+001  1.2191050e+001
  7.3700000e+003  1.2190651e+001  1.9778218e+001  1.2190637e+001
  7.3800000e+003  1.2190224e+001  1.9766633e+001  1.2190210e+001
  7.3900000e+003  1.2189799e+001  1.9754980e+001  1.2189785e+001
  7.4000000e+003  1.2189375e+001  1.9727095e+001  1.2189361e+001
  7.4100000e+003  1.2356700e+001  1.9690818e+001  1.2189438e+001
  7.4200000e+003  1.2317019e+001  1.9647871e+001  1.2189543e+001
  7.4300000e+003  1.2293944e+001  1.9595838e+001  1.2189647e+001
  7.4400000e+003  1.2308695e+001  1.9539973e+001  1.2189750e+001
  7.4500000e+003  1.2347708e+001  1.9489742e+001  1.2189852e+001
  7.4600000e+003  1.2192464e+001  1.9454031e+001  1.2189885e+001
  7.4700000e+003  1.2189489e+001  1.9424580e+001  1.2189475e+001
  7.4800000e+003  1.2292054e+001  1.9390789e+001  1.2189295e+001
  7.4900000e+003  1.2260862e+001  1.9343657e+001  1.2189402e+001
  7.5000000e+003  1.2264716e+001  1.9290751e+001  1.2189507e+001
  7.5100000e+003  1.2390533e+001  1.9243860e+001  1.2189612e+001
  7.5200000e+003  1.2189393e+001  1.9213569e+001  1.2189381e+001
  7.5300000e+003  1.2189023e+001  1.9190447e+001  1.2189011e+001
  7.5400000e+003  1.2394211e+001  1.9154778e+001  1.2188884e+001
  7.5500000e+003  1.2357384e+001  1.9107753e+001  1.2188994e+001
  7.5600000e+003  1.2321417e+001  1.9061126e+001  1.2189104e+001
  7.5700000e+003  1.2350301e+001  1.9017340e+001  1.2189212e+001
  7.5800000e+003  1.2189070e+001  1.8984715e+001  1.2189057e+001
  7.5900000e+003  1.2401649e+001  1.8938364e+001  1.2189156e+001
  7.6000000e+003  1.2376902e+001  1.8887250e+001  1.2189264e+001
  7.6100000e+003  1.2306275e+001  1.8835622e+001  1.2189371e+001
  7.6200000e+003  1.2288307e+001  1.8796088e+001  1.2189476e+001
  7.6300000e+003  1.2308420e+001  1.8749260e+001  1.2189581e+001
  7.6400000e+003  1.2348120e+001  1.8688831e+001  1.2189685e+001
  7.6500000e+003  1.2370907e+001  1.8647322e+001  1.2189787e+001
  7.6600000e+003  1.2190423e+001  1.8611152e+001  1.2189796e+001
  7.6700000e+003  1.2281097e+001  1.8569376e+001  1.2189844e+001
  7.6800000e+003  1.2253945e+001  1.8531026e+001  1.2189945e+001
  7.6900000e+003  1.2263683e+001  1.8491214e+001  1.2190045e+001
  7.7000000e+003  1.2301357e+001  1.8443892e+001  1.2190144e+001
  7.7100000e+003  1.2382602e+001  1.8393292e+001  1.2190242e+001
  7.7200000e+003  1.2378401e+001  1.8346254e+001  1.2190339e+001
  7.7300000e+003  1.2342884e+001  1.8308955e+001  1.2190435e+001
  7.7400000e+003  1.2190578e+001  1.8275860e+001  1.2190420e+001
  7.7500000e+003  1.2307295e+001  1.8237059e+001  1.2190295e+001
  7.7600000e+003  1.2300071e+001  1.8196903e+001  1.2190391e+001
  7.7700000e+003  1.2336762e+001  1.8161031e+001  1.2190487e+001
  7.7800000e+003  1.2190273e+001  1.8131411e+001  1.2190260e+001
  7.7900000e+003  1.2189875e+001  1.8112901e+001  1.2189861e+001
  7.8000000e+003  1.2189437e+001  1.8101273e+001  1.2189422e+001
  7.8100000e+003  1.2189010e+001  1.8089476e+001  1.2188995e+001
  7.8200000e+003  1.2188577e+001  1.8064673e+001  1.2188562e+001
  7.8300000e+003  1.2188152e+001  1.8035961e+001  1.2188138e+001
  7.8400000e+003  1.2428260e+001  1.7994176e+001  1.2188101e+001
  7.8500000e+003  1.2407845e+001  1.7947980e+001  1.2188220e+001
  7.8600000e+003  1.2306210e+001  1.7902700e+001  1.2188337e+001
  7.8700000e+003  1.2283707e+001  1.7856389e+001  1.2188453e+001
  7.8800000e+003  1.2299108e+001  1.7812001e+001  1.2188568e+001
  7.8900000e+003  1.2338249e+001  1.7768491e+001  1.2188682e+001
  7.9000000e+003  1.2365133e+001  1.7728843e+001  1.2188756e+001
  7.9100000e+003  1.2188539e+001  1.7699728e+001  1.2188526e+001
  7.9200000e+003  1.2188123e+001  1.7685649e+001  1.2188108e+001
  7.9300000e+003  1.2187664e+001  1.7671957e+001  1.2187648e+001
  7.9400000e+003  1.2187176e+001  1.7642761e+001  1.2187160e+001
  7.9500000e+003  1.2395067e+001  1.7608314e+001  1.2187090e+001
  7.9600000e+003  1.2186799e+001  1.7580122e+001  1.2186781e+001
  7.9700000e+003  1.2186267e+001  1.7568000e+001  1.2186249e+001
  7.9800000e+003  1.2185698e+001  1.7556416e+001  1.2185679e+001
  7.9900000e+003  1.2185073e+001  1.7541637e+001  1.2185051e+001
  8.0000000e+003  1.2262697e+001  1.7503514e+001  1.2185006e+001
  8.0100000e+003  1.2330153e+001  1.7454759e+001  1.2185156e+001
  8.0200000e+003  1.2368543e+001  1.7399711e+001  1.2185303e+001
  8.0300000e+003  1.2380660e+001  1.7358992e+001  1.2185450e+001
  8.0400000e+003  1.2355367e+001  1.7315580e+001  1.2185594e+001
  8.0500000e+003  1.2314841e+001  1.7276480e+001  1.2185658e+001
  8.0600000e+003  1.2185649e+001  1.7240024e+001  1.2185598e+001
  8.0700000e+003  1.2185028e+001  1.7215081e+001  1.2185009e+001
  8.0800000e+003  1.2184446e+001  1.7199224e+001  1.2184427e+001
  8.0900000e+003  1.2183873e+001  1.7187639e+001  1.2183854e+001
  8.1000000e+003  1.2183283e+001  1.7176055e+001  1.2183263e+001
  8.1100000e+003  1.2182570e+001  1.7162513e+001  1.2182545e+001
  8.1200000e+003  1.2246200e+001  1.7127766e+001  1.2182330e+001
  8.1300000e+003  1.2256618e+001  1.7083120e+001  1.2182503e+001
  8.1400000e+003  1.2294510e+001  1.7034599e+001  1.2182677e+001
  8.1500000e+003  1.2325039e+001  1.6981385e+001  1.2182849e+001
  8.1600000e+003  1.2406246e+001  1.6920725e+001  1.2183020e+001
  8.1700000e+003  1.2370425e+001  1.6865646e+001  1.2183189e+001
  8.1800000e+003  1.2336614e+001  1.6827327e+001  1.2183356e+001
  8.1900000e+003  1.2182854e+001  1.6796260e+001  1.2182831e+001
  8.2000000e+003  1.2368947e+001  1.6750419e+001  1.2182973e+001
  8.2100000e+003  1.2320474e+001  1.6707020e+001  1.2183142e+001
  8.2200000e+003  1.2326777e+001  1.6665420e+001  1.2183310e+001
  8.2300000e+003  1.2297177e+001  1.6624561e+001  1.2183476e+001
  8.2400000e+003  1.2258882e+001  1.6584113e+001  1.2183640e+001
  8.2500000e+003  1.2247100e+001  1.6543825e+001  1.2183801e+001
  8.2600000e+003  1.2295908e+001  1.6499952e+001  1.2183962e+001
  8.2700000e+003  1.2335316e+001  1.6448324e+001  1.2184122e+001
  8.2800000e+003  1.2352334e+001  1.6393368e+001  1.2184280e+001
  8.2900000e+003  1.2331319e+001  1.6342142e+001  1.2184436e+001
  8.3000000e+003  1.2291591e+001  1.6298375e+001  1.2184591e+001
  8.3100000e+003  1.2319037e+001  1.6251300e+001  1.2184745e+001
  8.3200000e+003  1.2335087e+001  1.6204758e+001  1.2184896e+001
  8.3300000e+003  1.2374342e+001  1.6161511e+001  1.2185047e+001
  8.3400000e+003  1.2400715e+001  1.6119706e+001  1.2185195e+001
  8.3500000e+003  1.2373863e+001  1.6082849e+001  1.2185220e+001
  8.3600000e+003  1.2291408e+001  1.6041380e+001  1.2185367e+001
  8.3700000e+003  1.2185272e+001  1.6008007e+001  1.2185247e+001
  8.3800000e+003  1.2184600e+001  1.5976667e+001  1.2184578e+001
  8.3900000e+003  1.2183923e+001  1.5944050e+001  1.2183901e+001
  8.4000000e+003  1.2183255e+001  1.5910814e+001  1.2183233e+001
  8.4100000e+003  1.2315979e+001  1.5876114e+001  1.2183129e+001
  8.4200000e+003  1.2282740e+001  1.5838692e+001  1.2183297e+001
  8.4300000e+003  1.2246464e+001  1.5800108e+001  1.2183463e+001
  8.4400000e+003  1.2183237e+001  1.5767034e+001  1.2183211e+001
  8.4500000e+003  1.2182469e+001  1.5746473e+001  1.2182443e+001
  8.4600000e+003  1.2181725e+001  1.5734411e+001  1.2181701e+001
  8.4700000e+003  1.2337985e+001  1.5712567e+001  1.2181096e+001
  8.4800000e+003  1.2314215e+001  1.5666081e+001  1.2181284e+001
  8.4900000e+003  1.2274856e+001  1.5609927e+001  1.2181470e+001
  8.5000000e+003  1.2258156e+001  1.5555578e+001  1.2181654e+001
  8.5100000e+003  1.2293504e+001  1.5511380e+001  1.2181837e+001
  8.5200000e+003  1.2333236e+001  1.5471616e+001  1.2182018e+001
  8.5300000e+003  1.2354857e+001  1.5425964e+001  1.2182196e+001
  8.5400000e+003  1.2338489e+001  1.5370458e+001  1.2182374e+001
  8.5500000e+003  1.2299181e+001  1.5331207e+001  1.2182549e+001
  8.5600000e+003  1.2291595e+001  1.5294568e+001  1.2182560e+001
  8.5700000e+003  1.2305777e+001  1.5253361e+001  1.2182733e+001
  8.5800000e+003  1.2182622e+001  1.5220124e+001  1.2182596e+001
  8.5900000e+003  1.2373949e+001  1.5180002e+001  1.2182523e+001
  8.6000000e+003  1.2368349e+001  1.5125532e+001  1.2182697e+001
  8.6100000e+003  1.2288145e+001  1.5085623e+001  1.2182869e+001
  8.6200000e+003  1.2254705e+001  1.5046896e+001  1.2182984e+001
  8.6300000e+003  1.2182326e+001  1.5024884e+001  1.2182300e+001
  8.6400000e+003  1.2181534e+001  1.5013287e+001  1.2181508e+001
  8.6500000e+003  1.2323532e+001  1.4992567e+001  1.2180895e+001
  8.6600000e+003  1.2380469e+001  1.4939281e+001  1.2181085e+001
  8.6700000e+003  1.2350408e+001  1.4898499e+001  1.2181273e+001
  8.6800000e+003  1.2312305e+001  1.4859249e+001  1.2181408e+001
  8.6900000e+003  1.2180780e+001  1.4836341e+001  1.2180754e+001
  8.7000000e+003  1.2179970e+001  1.4824737e+001  1.2179943e+001
  8.7100000e+003  1.2179204e+001  1.4813152e+001  1.2179179e+001
  8.7200000e+003  1.2178454e+001  1.4801568e+001  1.2178428e+001
  8.7300000e+003  1.2177672e+001  1.4789983e+001  1.2177645e+001
  8.7400000e+003  1.2176816e+001  1.4778399e+001  1.2176786e+001
  8.7500000e+003  1.2175879e+001  1.4753682e+001  1.2175847e+001
  8.7600000e+003  1.2174848e+001  1.4722469e+001  1.2174813e+001
  8.7700000e+003  1.2173812e+001  1.4696899e+001  1.2173778e+001
  8.7800000e+003  1.2172793e+001  1.4685134e+001  1.2172758e+001
  8.7900000e+003  1.2171746e+001  1.4673549e+001  1.2171710e+001
  8.8000000e+003  1.2170612e+001  1.4661168e+001  1.2170572e+001
  8.8100000e+003  1.2289414e+001  1.4630223e+001  1.2169793e+001
  8.8200000e+003  1.2295377e+001  1.4590535e+001  1.2170093e+001
  8.8300000e+003  1.2331648e+001  1.4547250e+001  1.2170391e+001
  8.8400000e+003  1.2364893e+001  1.4501889e+001  1.2170686e+001
  8.8500000e+003  1.2364548e+001  1.4455709e+001  1.2170977e+001
  8.8600000e+003  1.2374062e+001  1.4405048e+001  1.2171266e+001
  8.8700000e+003  1.2338082e+001  1.4345357e+001  1.2171552e+001
  8.8800000e+003  1.2332816e+001  1.4288672e+001  1.2171835e+001
  8.8900000e+003  1.2363103e+001  1.4250975e+001  1.2171902e+001
  8.9000000e+003  1.2172845e+001  1.4214647e+001  1.2171944e+001
  8.9100000e+003  1.2170958e+001  1.4186619e+001  1.2170923e+001
  8.9200000e+003  1.2324665e+001  1.4157222e+001  1.2169911e+001
  8.9300000e+003  1.2340167e+001  1.4119482e+001  1.2170211e+001
  8.9400000e+003  1.2324107e+001  1.4078094e+001  1.2170507e+001
  8.9500000e+003  1.2346011e+001  1.4036283e+001  1.2170801e+001
  8.9600000e+003  1.2394292e+001  1.3995946e+001  1.2171091e+001
  8.9700000e+003  1.2415320e+001  1.3956272e+001  1.2171379e+001
  8.9800000e+003  1.2398314e+001  1.3914379e+001  1.2171664e+001
  8.9900000e+003  1.2358910e+001  1.3867318e+001  1.2171946e+001
  9.0000000e+003  1.2333335e+001  1.3818035e+001  1.2172225e+001
  9.0100000e+003  1.2344047e+001  1.3768322e+001  1.2172501e+001
  9.0200000e+003  1.2382339e+001  1.3719137e+001  1.2172775e+001
  9.0300000e+003  1.2411948e+001  1.3670198e+001  1.2173046e+001
  9.0400000e+003  1.2174372e+001  1.3630111e+001  1.2173100e+001
  9.0500000e+003  1.2172128e+001  1.3609139e+001  1.2172093e+001
  9.0600000e+003  1.2170973e+001  1.3597481e+001  1.2170933e+001
  9.0700000e+003  1.2304839e+001  1.3573602e+001  1.2170109e+001
  9.0800000e+003  1.2338683e+001  1.3519336e+001  1.2170406e+001
  9.0900000e+003  1.2374516e+001  1.3478880e+001  1.2170701e+001
  9.1000000e+003  1.2375823e+001  1.3441054e+001  1.2170801e+001
  9.1100000e+003  1.2292807e+001  1.3401859e+001  1.2171091e+001
  9.1200000e+003  1.2169932e+001  1.3372327e+001  1.2169887e+001
  9.1300000e+003  1.2168541e+001  1.3349322e+001  1.2168493e+001
  9.1400000e+003  1.2167103e+001  1.3336139e+001  1.2167055e+001
  9.1500000e+003  1.2165674e+001  1.3324554e+001  1.2165627e+001
  9.1600000e+003  1.2164406e+001  1.3312970e+001  1.2164364e+001
  9.1700000e+003  1.2163109e+001  1.3301386e+001  1.2163064e+001
  9.1800000e+003  1.2161686e+001  1.3289801e+001  1.2161636e+001
  9.1900000e+003  1.2304897e+001  1.3270348e+001  1.2160207e+001
  9.2000000e+003  1.2346253e+001  1.3224718e+001  1.2160603e+001
  9.2100000e+003  1.2333585e+001  1.3168296e+001  1.2160995e+001
  9.2200000e+003  1.2358885e+001  1.3115199e+001  1.2161383e+001
  9.2300000e+003  1.2346781e+001  1.3076230e+001  1.2161767e+001
  9.2400000e+003  1.2161371e+001  1.3043411e+001  1.2161317e+001
  9.2500000e+003  1.2279024e+001  1.2999088e+001  1.2161263e+001
  9.2600000e+003  1.2348241e+001  1.2953451e+001  1.2161648e+001
  9.2700000e+003  1.2384797e+001  1.2900299e+001  1.2162030e+001
  9.2800000e+003  1.2417652e+001  1.2853246e+001  1.2162408e+001
  9.2900000e+003  1.2416604e+001  1.2813752e+001  1.2162498e+001
  9.3000000e+003  1.2382616e+001  1.2777527e+001  1.2162871e+001
  9.3100000e+003  1.2161567e+001  1.2746026e+001  1.2161512e+001
  9.3200000e+003  1.2159883e+001  1.2715720e+001  1.2159826e+001
  9.3300000e+003  1.2158161e+001  1.2685813e+001  1.2158104e+001
  9.3400000e+003  1.2355020e+001  1.2653071e+001  1.2157127e+001
  9.3500000e+003  1.2365118e+001  1.2614022e+001  1.2157554e+001
  9.3600000e+003  1.2404019e+001  1.2572263e+001  1.2157976e+001
  9.3700000e+003  1.2157627e+001  1.2538083e+001  1.2157572e+001
  9.3800000e+003  1.2155951e+001  1.2522965e+001  1.2155894e+001
  9.3900000e+003  1.2154221e+001  1.2511380e+001  1.2154164e+001
  9.4000000e+003  1.2152520e+001  1.2499796e+001  1.2152464e+001
  9.4100000e+003  1.2150768e+001  1.2486914e+001  1.2150709e+001
  9.4200000e+003  1.2148943e+001  1.2463065e+001  1.2148880e+001
  9.4300000e+003  1.2146951e+001  1.2444164e+001  1.2146881e+001
  9.4400000e+003  1.2144764e+001  1.2432573e+001  1.2144688e+001
  9.4500000e+003  1.2142463e+001  1.2420989e+001  1.2142386e+001
  9.4600000e+003  1.2140236e+001  1.2405416e+001  1.2140163e+001
  9.4700000e+003  1.2419359e+001  1.2364613e+001  1.2140360e+001
  9.4800000e+003  1.2412370e+001  1.2312248e+001  1.2140953e+001
  9.4900000e+003  1.2375682e+001  1.2259646e+001  1.2141541e+001
  9.5000000e+003  1.2343026e+001  1.2214068e+001  1.2142122e+001
  9.5100000e+003  1.2303055e+001  1.2171598e+001  1.2142698e+001
  9.5200000e+003  1.2142019e+001  1.2138523e+001  1.2141942e+001
  9.5300000e+003  1.2139736e+001  1.2124311e+001  1.2139661e+001
  9.5400000e+003  1.2137445e+001  1.2112727e+001  1.2137367e+001
  9.5500000e+003  1.2135011e+001  1.2101142e+001  1.2134925e+001
  9.5600000e+003  1.2132419e+001  1.2077272e+001  1.2132329e+001
  9.5700000e+003  1.2129630e+001  1.2045891e+001  1.2129535e+001
  9.5800000e+003  1.2126767e+001  1.2014805e+001  1.2126672e+001
  9.5900000e+003  1.2123953e+001  1.1988268e+001  1.2123860e+001
  9.6000000e+003  1.2121171e+001  1.1963732e+001  1.2121077e+001
  9.6100000e+003  1.2403809e+001  1.1930304e+001  1.2119946e+001
  9.6200000e+003  1.2364110e+001  1.1876598e+001  1.2120743e+001
  9.6300000e+003  1.2343986e+001  1.1817926e+001  1.2121532e+001
  9.6400000e+003  1.2361939e+001  1.1779891e+001  1.2122312e+001
  9.6500000e+003  1.2401465e+001  1.1741505e+001  1.2123085e+001
  9.6600000e+003  1.2420476e+001  1.1702937e+001  1.2123851e+001
  9.6700000e+003  1.2407704e+001  1.1666504e+001  1.2124608e+001
  9.6800000e+003  1.2122848e+001  1.1634746e+001  1.2122751e+001
  9.6900000e+003  1.2119792e+001  1.1604994e+001  1.2119686e+001
  9.7000000e+003  1.2347584e+001  1.1559932e+001  1.2119930e+001
  9.7100000e+003  1.2326686e+001  1.1513034e+001  1.2120727e+001
  9.7200000e+003  1.2359137e+001  1.1467134e+001  1.2121516e+001
  9.7300000e+003  1.2357386e+001  1.1419932e+001  1.2122297e+001
  9.7400000e+003  1.2323039e+001  1.1369304e+001  1.2123070e+001
  9.7500000e+003  1.2287675e+001  1.1317198e+001  1.2123835e+001
  9.7600000e+003  1.2256464e+001  1.1273004e+001  1.2124593e+001
  9.7700000e+003  1.2121548e+001  1.1246658e+001  1.2121436e+001
  9.7800000e+003  1.2118220e+001  1.1227982e+001  1.2118109e+001
  9.7900000e+003  1.2114882e+001  1.1209221e+001  1.2114768e+001
  9.8000000e+003  1.2307224e+001  1.1175284e+001  1.2113624e+001
  9.8100000e+003  1.2347625e+001  1.1136141e+001  1.2114483e+001
  9.8200000e+003  1.2180724e+001  1.1099189e+001  1.2115164e+001
  9.8300000e+003  1.2111864e+001  1.1070306e+001  1.2111750e+001
  9.8400000e+003  1.2108501e+001  1.1044928e+001  1.2108391e+001
  9.8500000e+003  1.2415416e+001  1.1014034e+001  1.2106445e+001
  9.8600000e+003  1.2347110e+001  1.0969087e+001  1.2107376e+001
  9.8700000e+003  1.2307547e+001  1.0918082e+001  1.2108297e+001
  9.8800000e+003  1.2283065e+001  1.0870462e+001  1.2109210e+001
  9.8900000e+003  1.2296169e+001  1.0834014e+001  1.2110113e+001
  9.9000000e+003  1.2107463e+001  1.0802408e+001  1.2107340e+001
  9.9100000e+003  1.2373254e+001  1.0761520e+001  1.2106946e+001
  9.9200000e+003  1.2365575e+001  1.0712559e+001  1.2107872e+001
  9.9300000e+003  1.2328622e+001  1.0669932e+001  1.2108789e+001
  9.9400000e+003  1.2296372e+001  1.0630504e+001  1.2109696e+001
  9.9500000e+003  1.2298474e+001  1.0590344e+001  1.2109131e+001
  9.9600000e+003  1.2315601e+001  1.0548294e+001  1.2110035e+001
  9.9700000e+003  1.2350803e+001  1.0503232e+001  1.2110930e+001
  9.9800000e+003  1.2354321e+001  1.0446589e+001  1.2111816e+001
  9.9900000e+003  1.2322919e+001  1.0384912e+001  1.2112694e+001
  1.0000000e+004  1.2285469e+001  1.0328429e+001  1.2113562e+001
  1.0010000e+004  1.2286762e+001  1.0286308e+001  1.2114422e+001
  1.0020000e+004  1.2314414e+001  1.0250390e+001  1.2115274e+001
  1.0030000e+004  1.2112966e+001  1.0223898e+001  1.2112853e+001
  1.0040000e+004  1.2109579e+001  1.0212069e+001  1.2109464e+001
  1.0050000e+004  1.2106032e+001  1.0200485e+001  1.2105909e+001
  1.0060000e+004  1.2102355e+001  1.0188583e+001  1.2102228e+001
  1.0070000e+004  1.2313444e+001  1.0159473e+001  1.2098721e+001
  1.0080000e+004  1.2345218e+001  1.0121991e+001  1.2099728e+001
  1.0090000e+004  1.2384809e+001  1.0084566e+001  1.2100726e+001
  1.0100000e+004  1.2098916e+001  1.0052535e+001  1.2098796e+001
  1.0110000e+004  1.2094962e+001  1.0022885e+001  1.2094824e+001
  1.0120000e+004  1.2090621e+001  1.0000823e+001  1.2090469e+001
  1.0130000e+004  1.2085850e+001  9.9892053e+000  1.2085685e+001
  1.0140000e+004  1.2080791e+001  9.9776209e+000  1.2080621e+001
  1.0150000e+004  1.2075692e+001  9.9660365e+000  1.2075524e+001
  1.0160000e+004  1.2070905e+001  9.9400013e+000  1.2070747e+001
  1.0170000e+004  1.2386379e+001  9.9055197e+000  1.2069933e+001
  1.0180000e+004  1.2351684e+001  9.8680565e+000  1.2071227e+001
  1.0190000e+004  1.2316646e+001  9.8290976e+000  1.2072508e+001
  1.0200000e+004  1.2313478e+001  9.7895589e+000  1.2073777e+001
  1.0210000e+004  1.2117488e+001  9.7532457e+000  1.2074647e+001
  1.0220000e+004  1.2070195e+001  9.7241928e+000  1.2070044e+001
  1.0230000e+004  1.2065621e+001  9.6982590e+000  1.2065466e+001
  1.0240000e+004  1.2395926e+001  9.6640727e+000  1.2063721e+001
  1.0250000e+004  1.2357049e+001  9.6102425e+000  1.2065077e+001
  1.0260000e+004  1.2323766e+001  9.5502569e+000  1.2066419e+001
  1.0270000e+004  1.2347396e+001  9.5118612e+000  1.2067018e+001
  1.0280000e+004  1.2064121e+001  9.4820799e+000  1.2063955e+001
  1.0290000e+004  1.2059137e+001  9.4626063e+000  1.2058970e+001
  1.0300000e+004  1.2053972e+001  9.4504483e+000  1.2053793e+001
  1.0310000e+004  1.2048293e+001  9.4388639e+000  1.2048094e+001
  1.0320000e+004  1.2042060e+001  9.4272795e+000  1.2041846e+001
  1.0330000e+004  1.2035517e+001  9.4155618e+000  1.2035298e+001
  1.0340000e+004  1.2028996e+001  9.3901006e+000  1.2028782e+001
  1.0350000e+004  1.2022608e+001  9.3596470e+000  1.2022395e+001
  1.0360000e+004  1.2330374e+001  9.3253640e+000  1.2020081e+001
  1.0370000e+004  1.2293165e+001  9.2858756e+000  1.2021871e+001
  1.0380000e+004  1.2261330e+001  9.2441921e+000  1.2023644e+001
  1.0390000e+004  1.2043344e+001  9.2065792e+000  1.2024593e+001
  1.0400000e+004  1.2017118e+001  9.1790834e+000  1.2016861e+001
  1.0410000e+004  1.2009873e+001  9.1559456e+000  1.2009635e+001
  1.0420000e+004  1.2002648e+001  9.1331189e+000  1.2002402e+001
  1.0430000e+004  1.1994954e+001  9.1081165e+000  1.1994686e+001
  1.0440000e+004  1.1986478e+001  9.0821445e+000  1.1986182e+001
  1.0450000e+004  1.1977318e+001  9.0604287e+000  1.1977005e+001
  1.0460000e+004  1.1967592e+001  9.0487140e+000  1.1967266e+001
  1.0470000e+004  1.1957920e+001  9.0371296e+000  1.1957600e+001
  1.0480000e+004  1.2352823e+001  9.0135774e+000  1.1951254e+001
  1.0490000e+004  1.2329031e+001  8.9630487e+000  1.1953729e+001
  1.0500000e+004  1.2289411e+001  8.9201587e+000  1.1956180e+001
  1.0510000e+004  1.2349476e+001  8.8742908e+000  1.1958606e+001
  1.0520000e+004  1.2368678e+001  8.8277055e+000  1.1961008e+001
  1.0530000e+004  1.2408322e+001  8.7808848e+000  1.1963386e+001
  1.0540000e+004  1.2431913e+001  8.7399232e+000  1.1965221e+001
  1.0550000e+004  1.1959694e+001  8.7147514e+000  1.1959415e+001
  1.0560000e+004  1.1950743e+001  8.7031116e+000  1.1950429e+001
  1.0570000e+004  1.2340325e+001  8.6814987e+000  1.1943211e+001
  1.0580000e+004  1.2349774e+001  8.6298972e+000  1.1945766e+001
  1.0590000e+004  1.2387101e+001  8.5881087e+000  1.1948296e+001
  1.0600000e+004  1.2418494e+001  8.5483357e+000  1.1949954e+001
  1.0610000e+004  1.1945952e+001  8.5164379e+000  1.1945624e+001
  1.0620000e+004  1.1935656e+001  8.4986504e+000  1.1935297e+001
  1.0630000e+004  1.1924315e+001  8.4870535e+000  1.1923920e+001
  1.0640000e+004  1.1912136e+001  8.4694948e+000  1.1911723e+001
  1.0650000e+004  1.1899710e+001  8.4451648e+000  1.1899298e+001
  1.0660000e+004  1.2380277e+001  8.4153638e+000  1.1890158e+001
  1.0670000e+004  1.2390876e+001  8.3753632e+000  1.1893241e+001
  1.0680000e+004  1.2362476e+001  8.3310059e+000  1.1896294e+001
  1.0690000e+004  1.2323750e+001  8.2897855e+000  1.1899315e+001
  1.0700000e+004  1.1892707e+001  8.2580978e+000  1.1892284e+001
  1.0710000e+004  1.1879446e+001  8.2305353e+000  1.1879001e+001
  1.0720000e+004  1.2346543e+001  8.1955246e+000  1.1874331e+001
  1.0730000e+004  1.2365132e+001  8.1419304e+000  1.1877571e+001
  1.0740000e+004  1.2345628e+001  8.0803304e+000  1.1880779e+001
  1.0750000e+004  1.2305963e+001  8.0164051e+000  1.1883956e+001
  1.0760000e+004  1.2317565e+001  7.9527345e+000  1.1887100e+001
  1.0770000e+004  1.2331991e+001  7.8892394e+000  1.1890214e+001
  1.0780000e+004  1.2118323e+001  7.8396391e+000  1.1892930e+001
  1.0790000e+004  1.1881830e+001  7.8203728e+000  1.1881448e+001
  1.0800000e+004  1.1870115e+001  7.8087855e+000  1.1869712e+001
  1.0810000e+004  1.2370451e+001  7.7884604e+000  1.1860011e+001
  1.0820000e+004  1.2343335e+001  7.7349151e+000  1.1863394e+001
  1.0830000e+004  1.2346840e+001  7.6939199e+000  1.1866743e+001
  1.0840000e+004  1.2382037e+001  7.6499287e+000  1.1870059e+001
  1.0850000e+004  1.2416565e+001  7.6021871e+000  1.1873342e+001
  1.0860000e+004  1.2417063e+001  7.5529076e+000  1.1876592e+001
  1.0870000e+004  1.2384820e+001  7.4984038e+000  1.1879810e+001
  1.0880000e+004  1.2347863e+001  7.4481279e+000  1.1882996e+001
  1.0890000e+004  1.2340171e+001  7.4070192e+000  1.1886150e+001
  1.0900000e+004  1.2368815e+001  7.3669655e+000  1.1889273e+001
  1.0910000e+004  1.2315226e+001  7.3308451e+000  1.1892365e+001
  1.0920000e+004  1.2328336e+001  7.2964336e+000  1.1895426e+001
  1.0930000e+004  1.2303864e+001  7.2599746e+000  1.1898457e+001
  1.0940000e+004  1.2264303e+001  7.2180327e+000  1.1901457e+001
  1.0950000e+004  1.2246025e+001  7.1737245e+000  1.1904403e+001
  1.0960000e+004  1.2323566e+001  7.1296675e+000  1.1907344e+001
  1.0970000e+004  1.2363254e+001  7.0876884e+000  1.1910256e+001
  1.0980000e+004  1.2386327e+001  7.0466202e+000  1.1913139e+001
  1.0990000e+004  1.2371576e+001  7.0088134e+000  1.1915993e+001
  1.1000000e+004  1.1908706e+001  6.9773730e+000  1.1908317e+001
  1.1010000e+004  1.2315203e+001  6.9348155e+000  1.1907951e+001
  1.1020000e+004  1.2324601e+001  6.8837428e+000  1.1910857e+001
  1.1030000e+004  1.2362163e+001  6.8235537e+000  1.1913734e+001
  1.1040000e+004  1.2393355e+001  6.7665755e+000  1.1916582e+001
  1.1050000e+004  1.2389499e+001  6.7295481e+000  1.1919402e+001
  1.1060000e+004  1.1917233e+001  6.6966848e+000  1.1916838e+001
  1.1070000e+004  1.1904969e+001  6.6656142e+000  1.1904543e+001
  1.1080000e+004  1.1891814e+001  6.6349252e+000  1.1891368e+001
  1.1090000e+004  1.1878397e+001  6.6038821e+000  1.1877952e+001
  1.1100000e+004  1.1865157e+001  6.5726724e+000  1.1864718e+001
  1.1110000e+004  1.2405239e+001  6.5366454e+000  1.1862270e+001
  1.1120000e+004  1.2376356e+001  6.4904468e+000  1.1865630e+001
  1.1130000e+004  1.2337794e+001  6.4398864e+000  1.1868957e+001
  1.1140000e+004  1.2325010e+001  6.3948663e+000  1.1872251e+001
  1.1150000e+004  1.2349757e+001  6.3571278e+000  1.1871013e+001
  1.1160000e+004  1.2360094e+001  6.3168074e+000  1.1874286e+001
  1.1170000e+004  1.1948121e+001  6.2818482e+000  1.1876535e+001
  1.1180000e+004  1.1864509e+001  6.2514093e+000  1.1864078e+001
  1.1190000e+004  1.2318243e+001  6.2035590e+000  1.1867178e+001
  1.1200000e+004  1.2295457e+001  6.1546080e+000  1.1870489e+001
  1.1210000e+004  1.2310696e+001  6.0965096e+000  1.1873768e+001
  1.1220000e+004  1.2349775e+001  6.0552583e+000  1.1877014e+001
  1.1230000e+004  1.1931731e+001  6.0178353e+000  1.1879089e+001
  1.1240000e+004  1.2367188e+001  5.9771833e+000  1.1878653e+001
  1.1250000e+004  1.2329513e+001  5.9373276e+000  1.1881851e+001
  1.1260000e+004  1.2262050e+001  5.8944551e+000  1.1885016e+001
  1.1270000e+004  1.2266253e+001  5.8406211e+000  1.1888151e+001
  1.1280000e+004  1.2301771e+001  5.7820275e+000  1.1891253e+001
  1.1290000e+004  1.2335946e+001  5.7201571e+000  1.1894326e+001
  1.1300000e+004  1.2337358e+001  5.6781562e+000  1.1897367e+001
  1.1310000e+004  1.2379491e+001  5.6380022e+000  1.1900378e+001
  1.1320000e+004  1.2342803e+001  5.5986943e+000  1.1903360e+001
  1.1330000e+004  1.2335802e+001  5.5618242e+000  1.1906311e+001
  1.1340000e+004  1.2364929e+001  5.5260080e+000  1.1909233e+001
  1.1350000e+004  1.2403405e+001  5.4912920e+000  1.1912127e+001
  1.1360000e+004  1.2355312e+001  5.4582375e+000  1.1914991e+001
  1.1370000e+004  1.1907831e+001  5.4258870e+000  1.1907440e+001
  1.1380000e+004  1.2214647e+001  5.3928961e+000  1.1895933e+001
  1.1390000e+004  1.2273145e+001  5.3580802e+000  1.1898958e+001
  1.1400000e+004  1.2293562e+001  5.3224756e+000  1.1901954e+001
  1.1410000e+004  1.2393888e+001  5.2833001e+000  1.1904919e+001
  1.1420000e+004  1.2416389e+001  5.2370178e+000  1.1907855e+001
  1.1430000e+004  1.2400987e+001  5.1876934e+000  1.1910762e+001
  1.1440000e+004  1.2361846e+001  5.1415880e+000  1.1913640e+001
  1.1450000e+004  1.2334953e+001  5.1043340e+000  1.1916490e+001
  1.1460000e+004  1.2346033e+001  5.0709023e+000  1.1919311e+001
  1.1470000e+004  1.2383819e+001  5.0359566e+000  1.1922104e+001
  1.1480000e+004  1.2414570e+001  4.9952894e+000  1.1924869e+001
  1.1490000e+004  1.2410015e+001  4.9521362e+000  1.1927606e+001
  1.1500000e+004  1.2374342e+001  4.9109560e+000  1.1930317e+001
  1.1510000e+004  1.2259084e+001  4.8756066e+000  1.1933000e+001
  1.1520000e+004  1.1933035e+001  4.8427790e+000  1.1932317e+001
  1.1530000e+004  1.2290866e+001  4.8080698e+000  1.1928735e+001
  1.1540000e+004  1.2327422e+001  4.7677016e+000  1.1931435e+001
  1.1550000e+004  1.2334077e+001  4.7248851e+000  1.1934107e+001
  1.1560000e+004  1.2328989e+001  4.6842122e+000  1.1936753e+001
  1.1570000e+004  1.2290604e+001  4.6497092e+000  1.1939372e+001
  1.1580000e+004  1.1930201e+001  4.6178732e+000  1.1929812e+001
  1.1590000e+004  1.2303782e+001  4.5825175e+000  1.1926613e+001
  1.1600000e+004  1.2343232e+001  4.5379126e+000  1.1929333e+001
  1.1610000e+004  1.2326227e+001  4.4893178e+000  1.1932026e+001
  1.1620000e+004  1.2305508e+001  4.4416137e+000  1.1934693e+001
  1.1630000e+004  1.2265786e+001  4.3984102e+000  1.1937332e+001
  1.1640000e+004  1.2243579e+001  4.3571703e+000  1.1939913e+001
  1.1650000e+004  1.2259305e+001  4.3133460e+000  1.1942456e+001
  1.1660000e+004  1.2312363e+001  4.2627266e+000  1.1945018e+001
  1.1670000e+004  1.2338997e+001  4.2091759e+000  1.1947556e+001
  1.1680000e+004  1.2328578e+001  4.1575367e+000  1.1950067e+001
  1.1690000e+004  1.2290685e+001  4.1118866e+000  1.1952554e+001
  1.1700000e+004  1.1953419e+001  4.0883271e+000  1.1953419e+001
  1.1710000e+004  1.1953419e+001  4.0767416e+000  1.1953419e+001
  1.1720000e+004  1.1953419e+001  4.0651572e+000  1.1953419e+001
  1.1730000e+004  1.1953419e+001  4.0535728e+000  1.1953419e+001
  1.1740000e+004  1.1953419e+001  4.0419884e+000  1.1953419e+001
  1.1750000e+004  1.1953419e+001  4.0304040e+000  1.1953419e+001
  1.1760000e+004  1.1953419e+001  4.0188196e+000  1.1953419e+001
  1.1770000e+004  1.1953419e+001  4.0072353e+000  1.1953419e+001
  1.1780000e+004  1.1953419e+001  3.9956509e+000  1.1953419e+001
  1.1790000e+004  1.1953419e+001  3.9840665e+000  1.1953419e+001
  1.1800000e+004  1.1953419e+001  3.9724821e+000  1.1953419e+001
  1.1810000e+004  1.1953419e+001  3.9608977e+000  1.1953419e+001
  1.1820000e+004  1.1953419e+001  3.9493133e+000  1.1953419e+001
  1.1830000e+004  1.1953419e+001  3.9377289e+000  1.1953419e+001
  1.1840000e+004  1.1953419e+001  3.9261445e+000  1.1953419e+001
  1.1850000e+004  1.1953419e+001  3.9145601e+000  1.1953419e+001
  1.1860000e+004  1.1953419e+001  3.9029757e+000  1.1953419e+001
  1.1870000e+004  1.1953419e+001  3.8913913e+000  1.1953419e+001
  1.1880000e+004  1.1953419e+001  3.8798069e+000  1.1953419e+001
  1.1890000e+004  1.1953419e+001  3.8682225e+000  1.1953419e+001
  1.1900000e+004  1.1953419e+001  3.8566381e+000  1.1953419e+001
  1.1910000e+004  1.1953419e+001  3.8450537e+000  1.1953419e+001
  1.1920000e+004  1.1953419e+001  3.8334693e+000  1.1953419e+001
  1.1930000e+004  1.1953419e+001  3.8218849e+000  1.1953419e+001
  1.1940000e+004  1.1953419e+001  3.8103005e+000  1.1953419e+001
  1.1950000e+004  1.1953419e+001  3.7987161e+000  1.1953419e+001
  1.1960000e+004  1.1953419e+001  3.7871317e+000  1.1953419e+001
  1.1970000e+004  1.1953419e+001  3.7755474e+000  1.1953419e+001
  1.1980000e+004  1.1953419e+001  3.7639630e+000  1.1953419e+001
  1.1990000e+004  1.1953419e+001  3.7523786e+000  1.1953419e+001
  1.2000000e+004  1.1953419e+001  3.7407942e+000  1.1953419e+001
  1.2010000e+004  1.1953419e+001  3.7292098e+000  1.1953419e+001
  1.2020000e+004  1.1953419e+001  3.7176254e+000  1.1953419e+001
  1.2030000e+004  1.1953419e+001  3.7060410e+000  1.1953419e+001
  1.2040000e+004  1.1953419e+001  3.6944566e+000  1.1953419e+001
  1.2050000e+004  1.1953419e+001  3.6828722e+000  1.1953419e+001
  1.2060000e+004  1.1953419e+001  3.6712878e+000  1.1953419e+001
  1.2070000e+004  1.1953419e+001  3.6597034e+000  1.1953419e+001
  1.2080000e+004  1.1953419e+001  3.6481190e+000  1.1953419e+001
  1.2090000e+004  1.1953419e+001  3.6365346e+000  1.1953419e+001
  1.2100000e+004  1.1953419e+001  3.6249502e+000  1.1953419e+001
  1.2110000e+004  1.1953419e+001  3.6133658e+000  1.1953419e+001
  1.2120000e+004  1.1953419e+001  3.6017814e+000  1.1953419e+001
  1.2130000e+004  1.1953419e+001  3.5901970e+000  1.1953419e+001
  1.2140000e+004  1.1953419e+001  3.5786126e+000  1.1953419e+001
  1.2150000e+004  1.1953419e+001  3.5670282e+000  1.1953419e+001
  1.2160000e+004  1.1953419e+001  3.5554438e+000  1.1953419e+001
  1.2170000e+004  1.1953419e+001  3.5438595e+000  1.1953419e+001
  1.2180000e+004  1.1953419e+001  3.5322751e+000  1.1953419e+001
  1.2190000e+004  1.1953419e+001  3.5206907e+000  1.1953419e+001
  1.2200000e+004  1.1953419e+001  3.5091063e+000  1.1953419e+001
  1.2210000e+004  1.1953419e+001  3.4975219e+000  1.1953419e+001
  1.2220000e+004  1.1953419e+001  3.4859375e+000  1.1953419e+001
  1.2230000e+004  1.1953419e+001  3.4743531e+000  1.1953419e+001
  1.2240000e+004  1.1953419e+001  3.4627687e+000  1.1953419e+001
  1.2250000e+004  1.1953419e+001  3.4511843e+000  1.1953419e+001
  1.2260000e+004  1.1953419e+001  3.4395999e+000  1.1953419e+001
  1.2270000e+004  1.1953419e+001  3.4280155e+000  1.1953419e+001
  1.2280000e+004  1.1953419e+001  3.4164311e+000  1.1953419e+001
  1.2290000e+004  1.1953419e+001  3.4048467e+000  1.1953419e+001
  1.2300000e+004  1.1953419e+001  3.3932623e+000  1.1953419e+001
  1.2310000e+004  1.1953419e+001  3.3816779e+000  1.1953419e+001
  1.2320000e+004  1.1953419e+001  3.3700935e+000  1.1953419e+001
  1.2330000e+004  1.1953419e+001  3.3585091e+000  1.1953419e+001
  1.2340000e+004  1.1953419e+001  3.3469247e+000  1.1953419e+001
  1.2350000e+004  1.1953419e+001  3.3353403e+000  1.1953419e+001
  1.2360000e+004  1.1953419e+001  3.3237560e+000  1.1953419e+001
  1.2370000e+004  1.1953419e+001  3.3121716e+000  1.1953419e+001
  1.2380000e+004  1.1953419e+001  3.3005872e+000  1.1953419e+001
  1.2390000e+004  1.1953419e+001  3.2890028e+000  1.1953419e+001
  1.2400000e+004  1.1953419e+001  3.2774184e+000  1.1953419e+001
  1.2410000e+004  1.1953419e+001  3.2658340e+000  1.1953419e+001
  1.2420000e+004  1.1953419e+001  3.2542496e+000  1.1953419e+001
  1.2430000e+004  1.1953419e+001  3.2426652e+000  1.1953419e+001
  1.2440000e+004  1.1953419e+001  3.2310808e+000  1.1953419e+001
  1.2450000e+004  1.1953419e+001  3.2194964e+000  1.1953419e+001
  1.2460000e+004  1.1953419e+001  3.2079120e+000  1.1953419e+001
  1.2470000e+004  1.1953419e+001  3.1963276e+000  1.1953419e+001
  1.2480000e+004  1.1953419e+001  3.1847432e+000  1.1953419e+001
  1.2490000e+004  1.1953419e+001  3.1731588e+000  1.1953419e+001
  1.2500000e+004  1.1953419e+001  3.1615744e+000  1.1953419e+001
  1.2510000e+004  1.1953419e+001  3.1499900e+000  1.1953419e+001
  1.2520000e+004  1.1953419e+001  3.1384056e+000  1.1953419e+001
  1.2530000e+004  1.1953419e+001  3.1268212e+000  1.1953419e+001
  1.2540000e+004  1.1953419e+001  3.1152368e+000  1.1953419e+001
  1.2550000e+004  1.1953419e+001  3.1036524e+000  1.1953419e+001
  1.2560000e+004  1.1953419e+001  3.0920681e+000  1.1953419e+001
  1.2570000e+004  1.1953419e+001  3.0804837e+000  1.1953419e+001
  1.2580000e+004  1.1953419e+001  3.0688993e+000  1.1953419e+001
  1.2590000e+004  1.1953419e+001  3.0573149e+000  1.1953419e+001
  1.2600000e+004  1.1953419e+001  3.0457305e+000  1.1953419e+001
  1.2610000e+004  1.1953419e+001  3.0341461e+000  1.1953419e+001
  1.2620000e+004  1.1953419e+001  3.0225617e+000  1.1953419e+001
  1.2630000e+004  1.1953419e+001  3.0109773e+000  1.1953419e+001
  1.2640000e+004  1.1953419e+001  2.9993929e+000  1.1953419e+001
  1.2650000e+004  1.1953419e+001  2.9878085e+000  1.1953419e+001
  1.2660000e+004  1.1953419e+001  2.9762241e+000  1.1953419e+001
  1.2670000e+004  1.1953419e+001  2.9646397e+000  1.1953419e+001
  1.2680000e+004  1.1953419e+001  2.9530553e+000  1.1953419e+001
  1.2690000e+004  1.1953419e+001  2.9414709e+000  1.1953419e+001
  1.2700000e+004  1.1953419e+001  2.9298865e+000  1.1953419e+001
  1.2710000e+004  1.1953419e+001  2.9183021e+000  1.1953419e+001
  1.2720000e+004  1.1953419e+001  2.9067177e+000  1.1953419e+001
  1.2730000e+004  1.1953419e+001  2.8951333e+000  1.1953419e+001
  1.2740000e+004  1.1953419e+001  2.8835489e+000  1.1953419e+001
  1.2750000e+004  1.1953419e+001  2.8719646e+000  1.1953419e+001
  1.2760000e+004  1.1953419e+001  2.8603802e+000  1.1953419e+001
  1.2770000e+004  1.1953419e+001  2.8487958e+000  1.1953419e+001
  1.2780000e+004  1.1953419e+001  2.8372114e+000  1.1953419e+001
  1.2790000e+004  1.1953419e+001  2.8256270e+000  1.1953419e+001
  1.2800000e+004  1.1953419e+001  2.8140426e+000  1.1953419e+001
  1.2810000e+004  1.1953419e+001  2.8024582e+000  1.1953419e+001
  1.2820000e+004  1.1953419e+001  2.7908738e+000  1.1953419e+001
  1.2830000e+004  1.1953419e+001  2.7792894e+000  1.1953419e+001
  1.2840000e+004  1.1953419e+001  2.7677050e+000  1.1953419e+001
  1.2850000e+004  1.1953419e+001  2.7561206e+000  1.1953419e+001
  1.2860000e+004  1.1953419e+001  2.7445362e+000  1.1953419e+001
  1.2870000e+004  1.1953419e+001  2.7329518e+000  1.1953419e+001
  1.2880000e+004  1.1953419e+001  2.7213674e+000  1.1953419e+001
  1.2890000e+004  1.1953419e+001  2.7097830e+000  1.1953419e+001
  1.2900000e+004  1.1953419e+001  2.6981986e+000  1.1953419e+001
  1.2910000e+004  1.1953419e+001  2.6866142e+000  1.1953419e+001
  1.2920000e+004  1.1953419e+001  2.6750298e+000  1.1953419e+001
  1.2930000e+004  1.1953419e+001  2.6634454e+000  1.1953419e+001
  1.2940000e+004  1.1953419e+001  2.6518610e+000  1.1953419e+001
  1.2950000e+004  1.1953419e+001  2.6402767e+000  1.1953419e+001
  1.2960000e+004  1.1953419e+001  2.6286923e+000  1.1953419e+001
  1.2970000e+004  1.1953419e+001  2.6171079e+000  1.1953419e+001
  1.2980000e+004  1.1953419e+001  2.6055235e+000  1.1953419e+001
  1.2990000e+004  1.1953419e+001  2.5939391e+000  1.1953419e+001
  1.3000000e+004  1.1953419e+001  2.5823547e+000  1.1953419e+001
  1.3010000e+004  1.1953419e+001  2.5707703e+000  1.1953419e+001
  1.3020000e+004  1.1953419e+001  2.5591859e+000  1.1953419e+001
  1.3030000e+004  1.1953419e+001  2.5476015e+000  1.1953419e+001
  1.3040000e+004  1.1953419e+001  2.5360171e+000  1.1953419e+001
  1.3050000e+004  1.1953419e+001  2.5244327e+000  1.1953419e+001
  1.3060000e+004  1.1953419e+001  2.5128483e+000  1.1953419e+001
  1.3070000e+004  1.1953419e+001  2.5012639e+000  1.1953419e+001
  1.3080000e+004  1.1953419e+001  2.4896795e+000  1.1953419e+001
  1.3090000e+004  1.1953419e+001  2.4780951e+000  1.1953419e+001
  1.3100000e+004  1.1953419e+001  2.4665107e+000  1.1953419e+001
  1.3110000e+004  1.1953419e+001  2.4549263e+000  1.1953419e+001
  1.3120000e+004  1.1953419e+001  2.4433419e+000  1.1953419e+001
