  0.0000000e+000  1.2700000e+001  4.7000000e+001  1.2200000e+001
  1.0000000e+001  1.2199969e+001  4.6984876e+001  1.2200000e+001
  2.0000000e+001  1.2199930e+001  4.6973292e+001  1.2200000e+001
  3.0000000e+001  1.2199893e+001  4.6961707e+001  1.2200000e+001
  4.0000000e+001  1.2199859e+001  4.6950123e+001  1.2200000e+001
  5.0000000e+001  1.2199827e+001  4.6938538e+001  1.2200000e+001
  6.0000000e+001  1.2199791e+001  4.6926954e+001  1.2200000e+001
  7.0000000e+001  1.2199751e+001  4.6915370e+001  1.2200000e+001
  8.0000000e+001  1.2199709e+001  4.6903785e+001  1.2200000e+001
  9.0000000e+001  1.2199667e+001  4.6892201e+001  1.2200000e+001
  1.0000000e+002  1.2199628e+001  4.6877422e+001  1.2200000e+001
  1.1000000e+002  1.2199593e+001  4.6848964e+001  1.2200000e+001
  1.2000000e+002  1.2199559e+001  4.6816603e+001  1.2200000e+001
  1.3000000e+002  1.2525715e+001  4.6773436e+001  1.2200000e+001
  1.4000000e+002  1.2498052e+001  4.6724227e+001  1.2200000e+001
  1.5000000e+002  1.2507104e+001  4.6682329e+001  1.2200000e+001
  1.6000000e+002  1.2496181e+001  4.6643339e+001  1.2200000e+001
  1.7000000e+002  1.2527588e+001  4.6604194e+001  1.2200000e+001
  1.8000000e+002  1.2524087e+001  4.6560332e+001  1.2200000e+001
  1.9000000e+002  1.2488892e+001  4.6515824e+001  1.2200000e+001
  2.0000000e+002  1.2454361e+001  4.6465290e+001  1.2200000e+001
  2.1000000e+002  1.2508993e+001  4.6412111e+001  1.2200000e+001
  2.2000000e+002  1.2200650e+001  4.6369889e+001  1.2200000e+001
  2.3000000e+002  1.2199496e+001  4.6353459e+001  1.2200000e+001
  2.4000000e+002  1.2199463e+001  4.6341874e+001  1.2200000e+001
  2.5000000e+002  1.2199428e+001  4.6330290e+001  1.2200000e+001
  2.6000000e+002  1.2199393e+001  4.6318705e+001  1.2200000e+001
  2.7000000e+002  1.2199355e+001  4.6307121e+001  1.2200000e+001
  2.8000000e+002  1.2555873e+001  4.6283618e+001  1.2200000e+001
  2.9000000e+002  1.2595987e+001  4.6235077e+001  1.2200000e+001
  3.0000000e+002  1.2614268e+001  4.6176788e+001  1.2200000e+001
  3.1000000e+002  1.2584502e+001  4.6125066e+001  1.2200000e+001
  3.2000000e+002  1.2199304e+001  4.6093721e+001  1.2200000e+001
  3.3000000e+002  1.2199266e+001  4.6071198e+001  1.2200000e+001
  3.4000000e+002  1.2199227e+001  4.6045373e+001  1.2200000e+001
  3.5000000e+002  1.2575502e+001  4.6006743e+001  1.2200000e+001
  3.6000000e+002  1.2535623e+001  4.5962546e+001  1.2200000e+001
  3.7000000e+002  1.2526225e+001  4.5921350e+001  1.2200000e+001
  3.8000000e+002  1.2199198e+001  4.5890188e+001  1.2200000e+001
  3.9000000e+002  1.2199155e+001  4.5863379e+001  1.2200000e+001
  4.0000000e+002  1.2199111e+001  4.5836964e+001  1.2200000e+001
  4.1000000e+002  1.2199068e+001  4.5808557e+001  1.2200000e+001
  4.2000000e+002  1.2199028e+001  4.5779258e+001  1.2200000e+001
  4.3000000e+002  1.2198990e+001  4.5756616e+001  1.2200000e+001
  4.4000000e+002  1.2198951e+001  4.5744986e+001  1.2200000e+001
  4.5000000e+002  1.2198908e+001  4.5733402e+001  1.2200000e+001
  4.6000000e+002  1.2198866e+001  4.5721817e+001  1.2200000e+001
  4.7000000e+002  1.2198826e+001  4.5710233e+001  1.2200000e+001
  4.8000000e+002  1.2198788e+001  4.5698649e+001  1.2200000e+001
  4.9000000e+002  1.2198753e+001  4.5683295e+001  1.2200000e+001
  5.0000000e+002  1.2544283e+001  4.5643433e+001  1.2200000e+001
  5.1000000e+002  1.2463814e+001  4.5592420e+001  1.2200000e+001
  5.2000000e+002  1.2445843e+001  4.5542848e+001  1.2200000e+001
  5.3000000e+002  1.2465954e+001  4.5503615e+001  1.2200000e+001
  5.4000000e+002  1.2505654e+001  4.5468910e+001  1.2200000e+001
  5.5000000e+002  1.2198717e+001  4.5439941e+001  1.2200000e+001
  5.6000000e+002  1.2198680e+001  4.5420268e+001  1.2200000e+001
  5.7000000e+002  1.2198641e+001  4.5407947e+001  1.2200000e+001
  5.8000000e+002  1.2198599e+001  4.5396363e+001  1.2200000e+001
  5.9000000e+002  1.2198556e+001  4.5384778e+001  1.2200000e+001
  6.0000000e+002  1.2198516e+001  4.5373194e+001  1.2200000e+001
  6.1000000e+002  1.2278998e+001  4.5352713e+001  1.2200000e+001
  6.2000000e+002  1.2372359e+001  4.5310958e+001  1.2200000e+001
  6.3000000e+002  1.2336843e+001  4.5261170e+001  1.2200000e+001
  6.4000000e+002  1.2302666e+001  4.5213367e+001  1.2200000e+001
  6.5000000e+002  1.2301251e+001  4.5175040e+001  1.2200000e+001
  6.6000000e+002  1.2363240e+001  4.5140847e+001  1.2200000e+001
  6.7000000e+002  1.2399936e+001  4.5105107e+001  1.2200000e+001
  6.8000000e+002  1.2406941e+001  4.5063369e+001  1.2200000e+001
  6.9000000e+002  1.2377817e+001  4.5019024e+001  1.2200000e+001
  7.0000000e+002  1.2339340e+001  4.4974347e+001  1.2200000e+001
  7.1000000e+002  1.2275318e+001  4.4930660e+001  1.2200000e+001
  7.2000000e+002  1.2300334e+001  4.4887421e+001  1.2200000e+001
  7.3000000e+002  1.2339824e+001  4.4842407e+001  1.2200000e+001
  7.4000000e+002  1.2357478e+001  4.4793315e+001  1.2200000e+001
  7.5000000e+002  1.2337065e+001  4.4742470e+001  1.2200000e+001
  7.6000000e+002  1.2329681e+001  4.4692896e+001  1.2200000e+001
  7.7000000e+002  1.2307183e+001  4.4647179e+001  1.2200000e+001
  7.8000000e+002  1.2322582e+001  4.4603132e+001  1.2200000e+001
  7.9000000e+002  1.2198444e+001  4.4569092e+001  1.2200000e+001
  8.0000000e+002  1.2198393e+001  4.4555442e+001  1.2200000e+001
  8.1000000e+002  1.2198342e+001  4.4543857e+001  1.2200000e+001
  8.2000000e+002  1.2198290e+001  4.4531841e+001  1.2200000e+001
  8.3000000e+002  1.2296891e+001  4.4502371e+001  1.2200000e+001
  8.4000000e+002  1.2303529e+001  4.4464621e+001  1.2200000e+001
  8.5000000e+002  1.2339201e+001  4.4419860e+001  1.2200000e+001
  8.6000000e+002  1.2414040e+001  4.4365372e+001  1.2200000e+001
  8.7000000e+002  1.2415107e+001  4.4306777e+001  1.2200000e+001
  8.8000000e+002  1.2382261e+001  4.4248806e+001  1.2200000e+001
  8.9000000e+002  1.2345703e+001  4.4194843e+001  1.2200000e+001
  9.0000000e+002  1.2339045e+001  4.4142633e+001  1.2200000e+001
  9.1000000e+002  1.2330460e+001  4.4099365e+001  1.2200000e+001
  9.2000000e+002  1.2198190e+001  4.4074048e+001  1.2200000e+001
  9.3000000e+002  1.2198142e+001  4.4057674e+001  1.2200000e+001
  9.4000000e+002  1.2377274e+001  4.4020518e+001  1.2200000e+001
  9.5000000e+002  1.2337824e+001  4.3971888e+001  1.2200000e+001
  9.6000000e+002  1.2271967e+001  4.3917240e+001  1.2200000e+001
  9.7000000e+002  1.2292678e+001  4.3858755e+001  1.2200000e+001
  9.8000000e+002  1.2332400e+001  4.3799368e+001  1.2200000e+001
  9.9000000e+002  1.2354609e+001  4.3739687e+001  1.2200000e+001
  1.0000000e+003  1.2338887e+001  4.3683450e+001  1.2200000e+001
  1.0100000e+003  1.2307659e+001  4.3632103e+001  1.2200000e+001
  1.0200000e+003  1.2281024e+001  4.3578280e+001  1.2200000e+001
  1.0300000e+003  1.2291439e+001  4.3527031e+001  1.2200000e+001
  1.0400000e+003  1.2329331e+001  4.3482897e+001  1.2200000e+001
  1.0500000e+003  1.2359861e+001  4.3441836e+001  1.2200000e+001
  1.0600000e+003  1.2381332e+001  4.3399766e+001  1.2200000e+001
  1.0700000e+003  1.2345508e+001  4.3353538e+001  1.2200000e+001
  1.0800000e+003  1.2311695e+001  4.3305499e+001  1.2200000e+001
  1.0900000e+003  1.2310983e+001  4.3252618e+001  1.2200000e+001
  1.1000000e+003  1.2344026e+001  4.3191020e+001  1.2200000e+001
  1.1100000e+003  1.2352534e+001  4.3134807e+001  1.2200000e+001
  1.1200000e+003  1.2358844e+001  4.3078107e+001  1.2200000e+001
  1.1300000e+003  1.2329245e+001  4.3022042e+001  1.2200000e+001
  1.1400000e+003  1.2290950e+001  4.2966276e+001  1.2200000e+001
  1.1500000e+003  1.2279166e+001  4.2912691e+001  1.2200000e+001
  1.1600000e+003  1.2290805e+001  4.2863568e+001  1.2200000e+001
  1.1700000e+003  1.2330211e+001  4.2816356e+001  1.2200000e+001
  1.1800000e+003  1.2347231e+001  4.2774107e+001  1.2200000e+001
  1.1900000e+003  1.2198100e+001  4.2741206e+001  1.2200000e+001
  1.2000000e+003  1.2198043e+001  4.2708969e+001  1.2200000e+001
  1.2100000e+003  1.2246669e+001  4.2673059e+001  1.2200000e+001
  1.2200000e+003  1.2262713e+001  4.2630122e+001  1.2200000e+001
  1.2300000e+003  1.2301968e+001  4.2584132e+001  1.2200000e+001
  1.2400000e+003  1.2328342e+001  4.2536095e+001  1.2200000e+001
  1.2500000e+003  1.2317587e+001  4.2485681e+001  1.2200000e+001
  1.2600000e+003  1.2375968e+001  4.2434273e+001  1.2200000e+001
  1.2700000e+003  1.2345670e+001  4.2385466e+001  1.2200000e+001
  1.2800000e+003  1.2350920e+001  4.2342859e+001  1.2200000e+001
  1.2900000e+003  1.2386896e+001  4.2302920e+001  1.2200000e+001
  1.3000000e+003  1.2420523e+001  4.2263039e+001  1.2200000e+001
  1.3100000e+003  1.2407557e+001  4.2221539e+001  1.2200000e+001
  1.3200000e+003  1.2374319e+001  4.2179322e+001  1.2200000e+001
  1.3300000e+003  1.2338043e+001  4.2133676e+001  1.2200000e+001
  1.3400000e+003  1.2332079e+001  4.2081175e+001  1.2200000e+001
  1.3500000e+003  1.2361911e+001  4.2025740e+001  1.2200000e+001
  1.3600000e+003  1.2376244e+001  4.1966803e+001  1.2200000e+001
  1.3700000e+003  1.2387690e+001  4.1907511e+001  1.2200000e+001
  1.3800000e+003  1.2361860e+001  4.1850758e+001  1.2200000e+001
  1.3900000e+003  1.2203508e+001  4.1805407e+001  1.2200000e+001
  1.4000000e+003  1.2305798e+001  4.1769223e+001  1.2200000e+001
  1.4100000e+003  1.2198000e+001  4.1733594e+001  1.2200000e+001
  1.4200000e+003  1.2371166e+001  4.1693698e+001  1.2200000e+001
  1.4300000e+003  1.2392788e+001  4.1644774e+001  1.2200000e+001
  1.4400000e+003  1.2376423e+001  4.1585560e+001  1.2200000e+001
  1.4500000e+003  1.2337115e+001  4.1532225e+001  1.2200000e+001
  1.4600000e+003  1.2318645e+001  4.1476835e+001  1.2200000e+001
  1.4700000e+003  1.2329738e+001  4.1416108e+001  1.2200000e+001
  1.4800000e+003  1.2367836e+001  4.1361141e+001  1.2200000e+001
  1.4900000e+003  1.2397911e+001  4.1308347e+001  1.2200000e+001
  1.5000000e+003  1.2392313e+001  4.1256538e+001  1.2200000e+001
  1.5100000e+003  1.2309640e+001  4.1208141e+001  1.2200000e+001
  1.5200000e+003  1.2276199e+001  4.1166384e+001  1.2200000e+001
  1.5300000e+003  1.2276189e+001  4.1127468e+001  1.2200000e+001
  1.5400000e+003  1.2309617e+001  4.1087151e+001  1.2200000e+001
  1.5500000e+003  1.2345749e+001  4.1041990e+001  1.2200000e+001
  1.5600000e+003  1.2432846e+001  4.0994727e+001  1.2200000e+001
  1.5700000e+003  1.2402789e+001  4.0951662e+001  1.2200000e+001
  1.5800000e+003  1.2197942e+001  4.0918930e+001  1.2200000e+001
  1.5900000e+003  1.2197889e+001  4.0886443e+001  1.2200000e+001
  1.6000000e+003  1.2197838e+001  4.0855241e+001  1.2200000e+001
  1.6100000e+003  1.2197788e+001  4.0825142e+001  1.2200000e+001
  1.6200000e+003  1.2197740e+001  4.0795473e+001  1.2200000e+001
  1.6300000e+003  1.2392551e+001  4.0760327e+001  1.2200000e+001
  1.6400000e+003  1.2352820e+001  4.0713203e+001  1.2200000e+001
  1.6500000e+003  1.2331493e+001  4.0660939e+001  1.2200000e+001
  1.6600000e+003  1.2331954e+001  4.0603947e+001  1.2200000e+001
  1.6700000e+003  1.2371310e+001  4.0543539e+001  1.2200000e+001
  1.6800000e+003  1.2397154e+001  4.0487022e+001  1.2200000e+001
  1.6900000e+003  1.2385724e+001  4.0430479e+001  1.2200000e+001
  1.7000000e+003  1.2347529e+001  4.0375441e+001  1.2200000e+001
  1.7100000e+003  1.2283990e+001  4.0321071e+001  1.2200000e+001
  1.7200000e+003  1.2289933e+001  4.0271437e+001  1.2200000e+001
  1.7300000e+003  1.2326202e+001  4.0231483e+001  1.2200000e+001
  1.7400000e+003  1.2359449e+001  4.0195677e+001  1.2200000e+001
  1.7500000e+003  1.2359107e+001  4.0156424e+001  1.2200000e+001
  1.7600000e+003  1.2329979e+001  4.0107107e+001  1.2200000e+001
  1.7700000e+003  1.2293995e+001  4.0053440e+001  1.2200000e+001
  1.7800000e+003  1.2288728e+001  4.0002216e+001  1.2200000e+001
  1.7900000e+003  1.2319019e+001  3.9959047e+001  1.2200000e+001
  1.8000000e+003  1.2357021e+001  3.9919369e+001  1.2200000e+001
  1.8100000e+003  1.2197709e+001  3.9884721e+001  1.2200000e+001
  1.8200000e+003  1.2412648e+001  3.9849963e+001  1.2200000e+001
  1.8300000e+003  1.2373390e+001  3.9815853e+001  1.2200000e+001
  1.8400000e+003  1.2197633e+001  3.9783516e+001  1.2200000e+001
  1.8500000e+003  1.2197581e+001  3.9750665e+001  1.2200000e+001
  1.8600000e+003  1.2197531e+001  3.9717538e+001  1.2200000e+001
  1.8700000e+003  1.2197484e+001  3.9684703e+001  1.2200000e+001
  1.8800000e+003  1.2197437e+001  3.9652673e+001  1.2200000e+001
  1.8900000e+003  1.2197387e+001  3.9620990e+001  1.2200000e+001
  1.9000000e+003  1.2197334e+001  3.9588486e+001  1.2200000e+001
  1.9100000e+003  1.2332970e+001  3.9554005e+001  1.2200000e+001
  1.9200000e+003  1.2371260e+001  3.9518673e+001  1.2200000e+001
  1.9300000e+003  1.2400870e+001  3.9481215e+001  1.2200000e+001
  1.9400000e+003  1.2394577e+001  3.9439773e+001  1.2200000e+001
  1.9500000e+003  1.2358166e+001  3.9396629e+001  1.2200000e+001
  1.9600000e+003  1.2315335e+001  3.9356677e+001  1.2200000e+001
  1.9700000e+003  1.2197293e+001  3.9324649e+001  1.2200000e+001
  1.9800000e+003  1.2349831e+001  3.9282077e+001  1.2200000e+001
  1.9900000e+003  1.2385665e+001  3.9230586e+001  1.2200000e+001
  2.0000000e+003  1.2390584e+001  3.9173999e+001  1.2200000e+001
  2.0100000e+003  1.2358389e+001  3.9133755e+001  1.2200000e+001
  2.0200000e+003  1.2320492e+001  3.9090668e+001  1.2200000e+001
  2.0300000e+003  1.2310059e+001  3.9043272e+001  1.2200000e+001
  2.0400000e+003  1.2336681e+001  3.8994051e+001  1.2200000e+001
  2.0500000e+003  1.2375883e+001  3.8946466e+001  1.2200000e+001
  2.0600000e+003  1.2418541e+001  3.8903563e+001  1.2200000e+001
  2.0700000e+003  1.2396349e+001  3.8862684e+001  1.2200000e+001
  2.0800000e+003  1.2356626e+001  3.8821252e+001  1.2200000e+001
  2.0900000e+003  1.2335896e+001  3.8777321e+001  1.2200000e+001
  2.1000000e+003  1.2353217e+001  3.8732301e+001  1.2200000e+001
  2.1100000e+003  1.2320673e+001  3.8688654e+001  1.2200000e+001
  2.1200000e+003  1.2345974e+001  3.8648648e+001  1.2200000e+001
  2.1300000e+003  1.2333872e+001  3.8610214e+001  1.2200000e+001
  2.1400000e+003  1.2295489e+001  3.8567495e+001  1.2200000e+001
  2.1500000e+003  1.2266114e+001  3.8514603e+001  1.2200000e+001
  2.1600000e+003  1.2320443e+001  3.8457334e+001  1.2200000e+001
  2.1700000e+003  1.2356997e+001  3.8401020e+001  1.2200000e+001
  2.1800000e+003  1.2389854e+001  3.8349601e+001  1.2200000e+001
  2.1900000e+003  1.2388808e+001  3.8300318e+001  1.2200000e+001
  2.2000000e+003  1.2354821e+001  3.8258255e+001  1.2200000e+001
  2.2100000e+003  1.2331181e+001  3.8218792e+001  1.2200000e+001
  2.2200000e+003  1.2326612e+001  3.8181798e+001  1.2200000e+001
  2.2300000e+003  1.2357354e+001  3.8141228e+001  1.2200000e+001
  2.2400000e+003  1.2395144e+001  3.8086461e+001  1.2200000e+001
  2.2500000e+003  1.2405238e+001  3.8025519e+001  1.2200000e+001
  2.2600000e+003  1.2355921e+001  3.7969564e+001  1.2200000e+001
  2.2700000e+003  1.2316776e+001  3.7928281e+001  1.2200000e+001
  2.2800000e+003  1.2301361e+001  3.7893345e+001  1.2200000e+001
  2.2900000e+003  1.2323845e+001  3.7849570e+001  1.2200000e+001
  2.3000000e+003  1.2363558e+001  3.7801533e+001  1.2200000e+001
  2.3100000e+003  1.2421830e+001  3.7755827e+001  1.2200000e+001
  2.3200000e+003  1.2404195e+001  3.7709428e+001  1.2200000e+001
  2.3300000e+003  1.2364708e+001  3.7665404e+001  1.2200000e+001
  2.3400000e+003  1.2339674e+001  3.7622448e+001  1.2200000e+001
  2.3500000e+003  1.2352110e+001  3.7579311e+001  1.2200000e+001
  2.3600000e+003  1.2332636e+001  3.7535092e+001  1.2200000e+001
  2.3700000e+003  1.2361769e+001  3.7490399e+001  1.2200000e+001
  2.3800000e+003  1.2354783e+001  3.7444980e+001  1.2200000e+001
  2.3900000e+003  1.2318096e+001  3.7398319e+001  1.2200000e+001
  2.4000000e+003  1.2285438e+001  3.7351129e+001  1.2200000e+001
  2.4100000e+003  1.2331624e+001  3.7301681e+001  1.2200000e+001
  2.4200000e+003  1.2365795e+001  3.7247758e+001  1.2200000e+001
  2.4300000e+003  1.2401319e+001  3.7191918e+001  1.2200000e+001
  2.4400000e+003  1.2405539e+001  3.7140240e+001  1.2200000e+001
  2.4500000e+003  1.2374575e+001  3.7098695e+001  1.2200000e+001
  2.4600000e+003  1.2296275e+001  3.7061514e+001  1.2200000e+001
  2.4700000e+003  1.2286518e+001  3.7025514e+001  1.2200000e+001
  2.4800000e+003  1.2313659e+001  3.6989189e+001  1.2200000e+001
  2.4900000e+003  1.2352740e+001  3.6952690e+001  1.2200000e+001
  2.5000000e+003  1.2367831e+001  3.6914357e+001  1.2200000e+001
  2.5100000e+003  1.2405474e+001  3.6872222e+001  1.2200000e+001
  2.5200000e+003  1.2365777e+001  3.6828458e+001  1.2200000e+001
  2.5300000e+003  1.2345651e+001  3.6783243e+001  1.2200000e+001
  2.5400000e+003  1.2363602e+001  3.6735990e+001  1.2200000e+001
  2.5500000e+003  1.2403127e+001  3.6687877e+001  1.2200000e+001
  2.5600000e+003  1.2398435e+001  3.6644364e+001  1.2200000e+001
  2.5700000e+003  1.2197248e+001  3.6611231e+001  1.2200000e+001
  2.5800000e+003  1.2347104e+001  3.6569804e+001  1.2200000e+001
  2.5900000e+003  1.2318207e+001  3.6522217e+001  1.2200000e+001
  2.6000000e+003  1.2325540e+001  3.6470887e+001  1.2200000e+001
  2.6100000e+003  1.2302980e+001  3.6417890e+001  1.2200000e+001
  2.6200000e+003  1.2335432e+001  3.6361952e+001  1.2200000e+001
  2.6300000e+003  1.2333683e+001  3.6300822e+001  1.2200000e+001
  2.6400000e+003  1.2299338e+001  3.6237479e+001  1.2200000e+001
  2.6500000e+003  1.2263972e+001  3.6183265e+001  1.2200000e+001
  2.6600000e+003  1.2249895e+001  3.6145999e+001  1.2200000e+001
  2.6700000e+003  1.2281101e+001  3.6104058e+001  1.2200000e+001
  2.6800000e+003  1.2318668e+001  3.6057593e+001  1.2200000e+001
  2.6900000e+003  1.2328080e+001  3.6008176e+001  1.2200000e+001
  2.7000000e+003  1.2300684e+001  3.5962029e+001  1.2200000e+001
  2.7100000e+003  1.2273046e+001  3.5918224e+001  1.2200000e+001
  2.7200000e+003  1.2197210e+001  3.5884349e+001  1.2200000e+001
  2.7300000e+003  1.2281341e+001  3.5848808e+001  1.2200000e+001
  2.7400000e+003  1.2321028e+001  3.5795563e+001  1.2200000e+001
  2.7500000e+003  1.2340851e+001  3.5751811e+001  1.2200000e+001
  2.7600000e+003  1.2402528e+001  3.5703916e+001  1.2200000e+001
  2.7700000e+003  1.2362974e+001  3.5658927e+001  1.2200000e+001
  2.7800000e+003  1.2338490e+001  3.5623060e+001  1.2200000e+001
  2.7900000e+003  1.2197125e+001  3.5591143e+001  1.2200000e+001
  2.8000000e+003  1.2390234e+001  3.5557345e+001  1.2200000e+001
  2.8100000e+003  1.2427800e+001  3.5516956e+001  1.2200000e+001
  2.8200000e+003  1.2420122e+001  3.5473706e+001  1.2200000e+001
  2.8300000e+003  1.2383171e+001  3.5428965e+001  1.2200000e+001
  2.8400000e+003  1.2350919e+001  3.5382904e+001  1.2200000e+001
  2.8500000e+003  1.2353019e+001  3.5336302e+001  1.2200000e+001
  2.8600000e+003  1.2388425e+001  3.5291840e+001  1.2200000e+001
  2.8700000e+003  1.2423629e+001  3.5252301e+001  1.2200000e+001
  2.8800000e+003  1.2427149e+001  3.5214880e+001  1.2200000e+001
  2.8900000e+003  1.2395750e+001  3.5176505e+001  1.2200000e+001
  2.9000000e+003  1.2358299e+001  3.5134713e+001  1.2200000e+001
  2.9100000e+003  1.2283786e+001  3.5091438e+001  1.2200000e+001
  2.9200000e+003  1.2311431e+001  3.5049237e+001  1.2200000e+001
  2.9300000e+003  1.2350379e+001  3.5010294e+001  1.2200000e+001
  2.9400000e+003  1.2364818e+001  3.4972762e+001  1.2200000e+001
  2.9500000e+003  1.2341471e+001  3.4934148e+001  1.2200000e+001
  2.9600000e+003  1.2321714e+001  3.4892308e+001  1.2200000e+001
  2.9700000e+003  1.2302198e+001  3.4849072e+001  1.2200000e+001
  2.9800000e+003  1.2320774e+001  3.4809200e+001  1.2200000e+001
  2.9900000e+003  1.2197063e+001  3.4777421e+001  1.2200000e+001
  3.0000000e+003  1.2384571e+001  3.4732980e+001  1.2200000e+001
  3.0100000e+003  1.2366104e+001  3.4686206e+001  1.2200000e+001
  3.0200000e+003  1.2327382e+001  3.4637143e+001  1.2200000e+001
  3.0300000e+003  1.2298972e+001  3.4587051e+001  1.2200000e+001
  3.0400000e+003  1.2306995e+001  3.4535082e+001  1.2200000e+001
  3.0500000e+003  1.2344074e+001  3.4489158e+001  1.2200000e+001
  3.0600000e+003  1.2411465e+001  3.4438645e+001  1.2200000e+001
  3.0700000e+003  1.2409017e+001  3.4391182e+001  1.2200000e+001
  3.0800000e+003  1.2374323e+001  3.4353246e+001  1.2200000e+001
  3.0900000e+003  1.2339284e+001  3.4319437e+001  1.2200000e+001
  3.1000000e+003  1.2336114e+001  3.4285135e+001  1.2200000e+001
  3.1100000e+003  1.2374015e+001  3.4247094e+001  1.2200000e+001
  3.1200000e+003  1.2411348e+001  3.4207414e+001  1.2200000e+001
  3.1300000e+003  1.2198063e+001  3.4171414e+001  1.2200000e+001
  3.1400000e+003  1.2392173e+001  3.4129597e+001  1.2200000e+001
  3.1500000e+003  1.2353296e+001  3.4090605e+001  1.2200000e+001
  3.1600000e+003  1.2303761e+001  3.4049320e+001  1.2200000e+001
  3.1700000e+003  1.2327388e+001  3.3998933e+001  1.2200000e+001
  3.1800000e+003  1.2367033e+001  3.3944587e+001  1.2200000e+001
  3.1900000e+003  1.2386243e+001  3.3890237e+001  1.2200000e+001
  3.2000000e+003  1.2367357e+001  3.3838457e+001  1.2200000e+001
  3.2100000e+003  1.2289600e+001  3.3787812e+001  1.2200000e+001
  3.2200000e+003  1.2265672e+001  3.3735584e+001  1.2200000e+001
  3.2300000e+003  1.2279436e+001  3.3679234e+001  1.2200000e+001
  3.2400000e+003  1.2318236e+001  3.3621106e+001  1.2200000e+001
  3.2500000e+003  1.2346399e+001  3.3568844e+001  1.2200000e+001
  3.2600000e+003  1.2361242e+001  3.3524544e+001  1.2200000e+001
  3.2700000e+003  1.2324040e+001  3.3477531e+001  1.2200000e+001
  3.2800000e+003  1.2292204e+001  3.3429512e+001  1.2200000e+001
  3.2900000e+003  1.2295005e+001  3.3381117e+001  1.2200000e+001
  3.3000000e+003  1.2329869e+001  3.3332583e+001  1.2200000e+001
  3.3100000e+003  1.2367970e+001  3.3283547e+001  1.2200000e+001
  3.3200000e+003  1.2370789e+001  3.3233528e+001  1.2200000e+001
  3.3300000e+003  1.2338964e+001  3.3183089e+001  1.2200000e+001
  3.3400000e+003  1.2301754e+001  3.3134869e+001  1.2200000e+001
  3.3500000e+003  1.2293370e+001  3.3091660e+001  1.2200000e+001
  3.3600000e+003  1.2294901e+001  3.3050605e+001  1.2200000e+001
  3.3700000e+003  1.2333703e+001  3.3009546e+001  1.2200000e+001
  3.3800000e+003  1.2347483e+001  3.2967072e+001  1.2200000e+001
  3.3900000e+003  1.2323571e+001  3.2923974e+001  1.2200000e+001
  3.4000000e+003  1.2283951e+001  3.2884298e+001  1.2200000e+001
  3.4100000e+003  1.2197007e+001  3.2852335e+001  1.2200000e+001
  3.4200000e+003  1.2279977e+001  3.2809906e+001  1.2200000e+001
  3.4300000e+003  1.2319621e+001  3.2761493e+001  1.2200000e+001
  3.4400000e+003  1.2343265e+001  3.2708745e+001  1.2200000e+001
  3.4500000e+003  1.2329171e+001  3.2654092e+001  1.2200000e+001
  3.4600000e+003  1.2353660e+001  3.2601938e+001  1.2200000e+001
  3.4700000e+003  1.2325750e+001  3.2556116e+001  1.2200000e+001
  3.4800000e+003  1.2334461e+001  3.2506544e+001  1.2200000e+001
  3.4900000e+003  1.2371787e+001  3.2456459e+001  1.2200000e+001
  3.5000000e+003  1.2403411e+001  3.2407728e+001  1.2200000e+001
  3.5100000e+003  1.2385330e+001  3.2359608e+001  1.2200000e+001
  3.5200000e+003  1.2350298e+001  3.2312795e+001  1.2200000e+001
  3.5300000e+003  1.2315596e+001  3.2268372e+001  1.2200000e+001
  3.5400000e+003  1.2313128e+001  3.2224969e+001  1.2200000e+001
  3.5500000e+003  1.2345163e+001  3.2185903e+001  1.2200000e+001
  3.5600000e+003  1.2382613e+001  3.2150545e+001  1.2200000e+001
  3.5700000e+003  1.2390668e+001  3.2105607e+001  1.2200000e+001
  3.5800000e+003  1.2362271e+001  3.2056720e+001  1.2200000e+001
  3.5900000e+003  1.2323544e+001  3.1996819e+001  1.2200000e+001
  3.6000000e+003  1.2310094e+001  3.1956563e+001  1.2200000e+001
  3.6100000e+003  1.2344075e+001  3.1919500e+001  1.2200000e+001
  3.6200000e+003  1.2384833e+001  3.1881126e+001  1.2200000e+001
  3.6300000e+003  1.2403424e+001  3.1843387e+001  1.2200000e+001
  3.6400000e+003  1.2383922e+001  3.1801624e+001  1.2200000e+001
  3.6500000e+003  1.2196893e+001  3.1771057e+001  1.2200000e+001
  3.6600000e+003  1.2196838e+001  3.1745172e+001  1.2200000e+001
  3.6700000e+003  1.2196783e+001  3.1717253e+001  1.2200000e+001
  3.6800000e+003  1.2366664e+001  3.1681939e+001  1.2200000e+001
  3.6900000e+003  1.2394326e+001  3.1643415e+001  1.2200000e+001
  3.7000000e+003  1.2385273e+001  3.1595468e+001  1.2200000e+001
  3.7100000e+003  1.2352462e+001  3.1549893e+001  1.2200000e+001
  3.7200000e+003  1.2321052e+001  3.1497890e+001  1.2200000e+001
  3.7300000e+003  1.2324555e+001  3.1452882e+001  1.2200000e+001
  3.7400000e+003  1.2359751e+001  3.1413630e+001  1.2200000e+001
  3.7500000e+003  1.2196725e+001  3.1383394e+001  1.2200000e+001
  3.7600000e+003  1.2196677e+001  3.1363995e+001  1.2200000e+001
  3.7700000e+003  1.2196627e+001  3.1352403e+001  1.2200000e+001
  3.7800000e+003  1.2196574e+001  3.1340819e+001  1.2200000e+001
  3.7900000e+003  1.2196520e+001  3.1329234e+001  1.2200000e+001
  3.8000000e+003  1.2196466e+001  3.1317650e+001  1.2200000e+001
  3.8100000e+003  1.2196411e+001  3.1306066e+001  1.2200000e+001
  3.8200000e+003  1.2196359e+001  3.1294481e+001  1.2200000e+001
  3.8300000e+003  1.2196306e+001  3.1282897e+001  1.2200000e+001
  3.8400000e+003  1.2196250e+001  3.1271312e+001  1.2200000e+001
  3.8500000e+003  1.2196191e+001  3.1259728e+001  1.2200000e+001
  3.8600000e+003  1.2196137e+001  3.1248144e+001  1.2200000e+001
  3.8700000e+003  1.2196086e+001  3.1236559e+001  1.2200000e+001
  3.8800000e+003  1.2196038e+001  3.1224975e+001  1.2200000e+001
  3.8900000e+003  1.2195990e+001  3.1213390e+001  1.2200000e+001
  3.9000000e+003  1.2195940e+001  3.1201806e+001  1.2200000e+001
  3.9100000e+003  1.2255939e+001  3.1179420e+001  1.2200000e+001
  3.9200000e+003  1.2265384e+001  3.1128975e+001  1.2200000e+001
  3.9300000e+003  1.2302945e+001  3.1086020e+001  1.2200000e+001
  3.9400000e+003  1.2334139e+001  3.1043058e+001  1.2200000e+001
  3.9500000e+003  1.2330286e+001  3.1005948e+001  1.2200000e+001
  3.9600000e+003  1.2374559e+001  3.0971423e+001  1.2200000e+001
  3.9700000e+003  1.2195873e+001  3.0938782e+001  1.2200000e+001
  3.9800000e+003  1.2195819e+001  3.0908476e+001  1.2200000e+001
  3.9900000e+003  1.2318640e+001  3.0878728e+001  1.2200000e+001
  4.0000000e+003  1.2407718e+001  3.0830781e+001  1.2200000e+001
  4.0100000e+003  1.2398901e+001  3.0785131e+001  1.2200000e+001
  4.0200000e+003  1.2370015e+001  3.0740802e+001  1.2200000e+001
  4.0300000e+003  1.2195747e+001  3.0706458e+001  1.2200000e+001
  4.0400000e+003  1.2195692e+001  3.0692711e+001  1.2200000e+001
  4.0500000e+003  1.2195637e+001  3.0681127e+001  1.2200000e+001
  4.0600000e+003  1.2366698e+001  3.0661747e+001  1.2200000e+001
  4.0700000e+003  1.2389351e+001  3.0609881e+001  1.2200000e+001
  4.0800000e+003  1.2369239e+001  3.0565605e+001  1.2200000e+001
  4.0900000e+003  1.2196130e+001  3.0529305e+001  1.2200000e+001
  4.1000000e+003  1.2306751e+001  3.0486323e+001  1.2200000e+001
  4.1100000e+003  1.2353546e+001  3.0448104e+001  1.2200000e+001
  4.1200000e+003  1.2195547e+001  3.0417654e+001  1.2200000e+001
  4.1300000e+003  1.2195499e+001  3.0399892e+001  1.2200000e+001
  4.1400000e+003  1.2195452e+001  3.0388295e+001  1.2200000e+001
  4.1500000e+003  1.2195403e+001  3.0376711e+001  1.2200000e+001
  4.1600000e+003  1.2195351e+001  3.0365127e+001  1.2200000e+001
  4.1700000e+003  1.2195297e+001  3.0353542e+001  1.2200000e+001
  4.1800000e+003  1.2195245e+001  3.0341958e+001  1.2200000e+001
  4.1900000e+003  1.2195197e+001  3.0319830e+001  1.2200000e+001
  4.2000000e+003  1.2195150e+001  3.0288510e+001  1.2200000e+001
  4.2100000e+003  1.2347396e+001  3.0243854e+001  1.2200000e+001
  4.2200000e+003  1.2310700e+001  3.0198673e+001  1.2200000e+001
  4.2300000e+003  1.2303696e+001  3.0153116e+001  1.2200000e+001
  4.2400000e+003  1.2332822e+001  3.0110748e+001  1.2200000e+001
  4.2500000e+003  1.2369662e+001  3.0076806e+001  1.2200000e+001
  4.2600000e+003  1.2369227e+001  3.0030147e+001  1.2200000e+001
  4.2700000e+003  1.2344205e+001  2.9983639e+001  1.2200000e+001
  4.2800000e+003  1.2304716e+001  2.9932678e+001  1.2200000e+001
  4.2900000e+003  1.2287063e+001  2.9879741e+001  1.2200000e+001
  4.3000000e+003  1.2307477e+001  2.9831632e+001  1.2200000e+001
  4.3100000e+003  1.2393305e+001  2.9795119e+001  1.2200000e+001
  4.3200000e+003  1.2195080e+001  2.9763597e+001  1.2200000e+001
  4.3300000e+003  1.2400408e+001  2.9727364e+001  1.2200000e+001
  4.3400000e+003  1.2361267e+001  2.9677819e+001  1.2200000e+001
  4.3500000e+003  1.2334372e+001  2.9622522e+001  1.2200000e+001
  4.3600000e+003  1.2198207e+001  2.9577893e+001  1.2200000e+001
  4.3700000e+003  1.2195003e+001  2.9560524e+001  1.2200000e+001
  4.3800000e+003  1.2194955e+001  2.9548939e+001  1.2200000e+001
  4.3900000e+003  1.2194909e+001  2.9533319e+001  1.2200000e+001
  4.4000000e+003  1.2382555e+001  2.9493437e+001  1.2200000e+001
  4.4100000e+003  1.2283783e+001  2.9442724e+001  1.2200000e+001
  4.4200000e+003  1.2282715e+001  2.9390385e+001  1.2200000e+001
  4.4300000e+003  1.2315562e+001  2.9341628e+001  1.2200000e+001
  4.4400000e+003  1.2352120e+001  2.9294497e+001  1.2200000e+001
  4.4500000e+003  1.2358777e+001  2.9251799e+001  1.2200000e+001
  4.4600000e+003  1.2197042e+001  2.9217501e+001  1.2200000e+001
  4.4700000e+003  1.2194838e+001  2.9186795e+001  1.2200000e+001
  4.4800000e+003  1.2194780e+001  2.9155347e+001  1.2200000e+001
  4.4900000e+003  1.2307410e+001  2.9119975e+001  1.2200000e+001
  4.5000000e+003  1.2346860e+001  2.9082889e+001  1.2200000e+001
  4.5100000e+003  1.2362368e+001  2.9037667e+001  1.2200000e+001
  4.5200000e+003  1.2341653e+001  2.8983568e+001  1.2200000e+001
  4.5300000e+003  1.2301931e+001  2.8943979e+001  1.2200000e+001
  4.5400000e+003  1.2195015e+001  2.8907795e+001  1.2200000e+001
  4.5500000e+003  1.2295446e+001  2.8864775e+001  1.2200000e+001
  4.5600000e+003  1.2391008e+001  2.8826519e+001  1.2200000e+001
  4.5700000e+003  1.2417647e+001  2.8786353e+001  1.2200000e+001
  4.5800000e+003  1.2407230e+001  2.8737320e+001  1.2200000e+001
  4.5900000e+003  1.2369338e+001  2.8684421e+001  1.2200000e+001
  4.6000000e+003  1.2195526e+001  2.8641894e+001  1.2200000e+001
  4.6100000e+003  1.2194698e+001  2.8624864e+001  1.2200000e+001
  4.6200000e+003  1.2194644e+001  2.8613278e+001  1.2200000e+001
  4.6300000e+003  1.2194593e+001  2.8596076e+001  1.2200000e+001
  4.6400000e+003  1.2386770e+001  2.8552242e+001  1.2200000e+001
  4.6500000e+003  1.2353727e+001  2.8496677e+001  1.2200000e+001
  4.6600000e+003  1.2349747e+001  2.8445515e+001  1.2200000e+001
  4.6700000e+003  1.2343439e+001  2.8403767e+001  1.2200000e+001
  4.6800000e+003  1.2373038e+001  2.8359873e+001  1.2200000e+001
  4.6900000e+003  1.2408681e+001  2.8320771e+001  1.2200000e+001
  4.7000000e+003  1.2194745e+001  2.8283813e+001  1.2200000e+001
  4.7100000e+003  1.2194526e+001  2.8258273e+001  1.2200000e+001
  4.7200000e+003  1.2194474e+001  2.8240279e+001  1.2200000e+001
  4.7300000e+003  1.2194421e+001  2.8228684e+001  1.2200000e+001
  4.7400000e+003  1.2194367e+001  2.8217099e+001  1.2200000e+001
  4.7500000e+003  1.2194316e+001  2.8205515e+001  1.2200000e+001
  4.7600000e+003  1.2194266e+001  2.8193931e+001  1.2200000e+001
  4.7700000e+003  1.2194215e+001  2.8182346e+001  1.2200000e+001
  4.7800000e+003  1.2194162e+001  2.8165743e+001  1.2200000e+001
  4.7900000e+003  1.2300213e+001  2.8128414e+001  1.2200000e+001
  4.8000000e+003  1.2310969e+001  2.8082918e+001  1.2200000e+001
  4.8100000e+003  1.2218759e+001  2.8042228e+001  1.2200000e+001
  4.8200000e+003  1.2194097e+001  2.8017119e+001  1.2200000e+001
  4.8300000e+003  1.2194048e+001  2.7998786e+001  1.2200000e+001
  4.8400000e+003  1.2193998e+001  2.7984853e+001  1.2200000e+001
  4.8500000e+003  1.2193944e+001  2.7958756e+001  1.2200000e+001
  4.8600000e+003  1.2193888e+001  2.7929693e+001  1.2200000e+001
  4.8700000e+003  1.2193833e+001  2.7906703e+001  1.2200000e+001
  4.8800000e+003  1.2193781e+001  2.7895065e+001  1.2200000e+001
  4.8900000e+003  1.2193732e+001  2.7883480e+001  1.2200000e+001
  4.9000000e+003  1.2193681e+001  2.7867926e+001  1.2200000e+001
  4.9100000e+003  1.2279689e+001  2.7827359e+001  1.2200000e+001
  4.9200000e+003  1.2268240e+001  2.7775365e+001  1.2200000e+001
  4.9300000e+003  1.2294071e+001  2.7728814e+001  1.2200000e+001
  4.9400000e+003  1.2193625e+001  2.7701327e+001  1.2200000e+001
  4.9500000e+003  1.2193572e+001  2.7682114e+001  1.2200000e+001
  4.9600000e+003  1.2393150e+001  2.7657143e+001  1.2200000e+001
  4.9700000e+003  1.2370585e+001  2.7614485e+001  1.2200000e+001
  4.9800000e+003  1.2348963e+001  2.7564171e+001  1.2200000e+001
  4.9900000e+003  1.2365330e+001  2.7511641e+001  1.2200000e+001
  5.0000000e+003  1.2404638e+001  2.7459372e+001  1.2200000e+001
  5.0100000e+003  1.2373644e+001  2.7407279e+001  1.2200000e+001
  5.0200000e+003  1.2362546e+001  2.7360250e+001  1.2200000e+001
  5.0300000e+003  1.2324448e+001  2.7323917e+001  1.2200000e+001
  5.0400000e+003  1.2193485e+001  2.7292170e+001  1.2200000e+001
  5.0500000e+003  1.2299925e+001  2.7259600e+001  1.2200000e+001
  5.0600000e+003  1.2358500e+001  2.7222277e+001  1.2200000e+001
  5.0700000e+003  1.2391939e+001  2.7182878e+001  1.2200000e+001
  5.0800000e+003  1.2391947e+001  2.7146074e+001  1.2200000e+001
  5.0900000e+003  1.2193393e+001  2.7116165e+001  1.2200000e+001
  5.1000000e+003  1.2193340e+001  2.7089230e+001  1.2200000e+001
  5.1100000e+003  1.2193284e+001  2.7063640e+001  1.2200000e+001
  5.1200000e+003  1.2193130e+001  2.7038983e+001  1.2200000e+001
  5.1300000e+003  1.2192859e+001  2.7014702e+001  1.2200000e+001
  5.1400000e+003  1.2382396e+001  2.6982383e+001  1.2200000e+001
  5.1500000e+003  1.2356300e+001  2.6932660e+001  1.2200000e+001
  5.1600000e+003  1.2279697e+001  2.6875467e+001  1.2200000e+001
  5.1700000e+003  1.2263312e+001  2.6821485e+001  1.2200000e+001
  5.1800000e+003  1.2284921e+001  2.6779225e+001  1.2200000e+001
  5.1900000e+003  1.2324652e+001  2.6742058e+001  1.2200000e+001
  5.2000000e+003  1.2192509e+001  2.6712912e+001  1.2200000e+001
  5.2100000e+003  1.2192206e+001  2.6698972e+001  1.2200000e+001
  5.2200000e+003  1.2191875e+001  2.6687388e+001  1.2200000e+001
  5.2300000e+003  1.2261390e+001  2.6666359e+001  1.2200000e+001
  5.2400000e+003  1.2273262e+001  2.6614829e+001  1.2200000e+001
  5.2500000e+003  1.2311458e+001  2.6566503e+001  1.2200000e+001
  5.2600000e+003  1.2365929e+001  2.6528148e+001  1.2200000e+001
  5.2700000e+003  1.2191287e+001  2.6501471e+001  1.2200000e+001
  5.2800000e+003  1.2190937e+001  2.6488698e+001  1.2200000e+001
  5.2900000e+003  1.2190551e+001  2.6473481e+001  1.2200000e+001
  5.3000000e+003  1.2290811e+001  2.6440405e+001  1.2200000e+001
  5.3100000e+003  1.2333046e+001  2.6400666e+001  1.2200000e+001
  5.3200000e+003  1.2190214e+001  2.6365304e+001  1.2200000e+001
  5.3300000e+003  1.2189830e+001  2.6343625e+001  1.2200000e+001
  5.3400000e+003  1.2189433e+001  2.6330671e+001  1.2200000e+001
  5.3500000e+003  1.2188995e+001  2.6319086e+001  1.2200000e+001
  5.3600000e+003  1.2188554e+001  2.6302554e+001  1.2200000e+001
  5.3700000e+003  1.2188107e+001  2.6278453e+001  1.2200000e+001
  5.3800000e+003  1.2187669e+001  2.6249663e+001  1.2200000e+001
  5.3900000e+003  1.2432029e+001  2.6212389e+001  1.2200000e+001
  5.4000000e+003  1.2410127e+001  2.6171495e+001  1.2200000e+001
  5.4100000e+003  1.2367637e+001  2.6125750e+001  1.2200000e+001
  5.4200000e+003  1.2346609e+001  2.6072008e+001  1.2200000e+001
  5.4300000e+003  1.2363614e+001  2.6014866e+001  1.2200000e+001
  5.4400000e+003  1.2403018e+001  2.5963967e+001  1.2200000e+001
  5.4500000e+003  1.2187951e+001  2.5928614e+001  1.2200000e+001
  5.4600000e+003  1.2187075e+001  2.5899960e+001  1.2200000e+001
  5.4700000e+003  1.2186523e+001  2.5870125e+001  1.2200000e+001
  5.4800000e+003  1.2253275e+001  2.5833406e+001  1.2200000e+001
  5.4900000e+003  1.2259569e+001  2.5793677e+001  1.2200000e+001
  5.5000000e+003  1.2295981e+001  2.5755844e+001  1.2200000e+001
  5.5100000e+003  1.2186182e+001  2.5724022e+001  1.2200000e+001
  5.5200000e+003  1.2185679e+001  2.5694804e+001  1.2200000e+001
  5.5300000e+003  1.2185141e+001  2.5665263e+001  1.2200000e+001
  5.5400000e+003  1.2184548e+001  2.5633336e+001  1.2200000e+001
  5.5500000e+003  1.2183910e+001  2.5600363e+001  1.2200000e+001
  5.5600000e+003  1.2183274e+001  2.5573523e+001  1.2200000e+001
  5.5700000e+003  1.2182655e+001  2.5561074e+001  1.2200000e+001
  5.5800000e+003  1.2182040e+001  2.5549489e+001  1.2200000e+001
  5.5900000e+003  1.2181395e+001  2.5537905e+001  1.2200000e+001
  5.6000000e+003  1.2180684e+001  2.5519694e+001  1.2200000e+001
  5.6100000e+003  1.2179914e+001  2.5492664e+001  1.2200000e+001
  5.6200000e+003  1.2366366e+001  2.5455079e+001  1.2200000e+001
  5.6300000e+003  1.2406088e+001  2.5398183e+001  1.2200000e+001
  5.6400000e+003  1.2426817e+001  2.5353375e+001  1.2200000e+001
  5.6500000e+003  1.2409493e+001  2.5314950e+001  1.2200000e+001
  5.6600000e+003  1.2178970e+001  2.5284954e+001  1.2200000e+001
  5.6700000e+003  1.2178048e+001  2.5266473e+001  1.2200000e+001
  5.6800000e+003  1.2177076e+001  2.5254831e+001  1.2200000e+001
  5.6900000e+003  1.2176100e+001  2.5243247e+001  1.2200000e+001
  5.7000000e+003  1.2175138e+001  2.5231662e+001  1.2200000e+001
  5.7100000e+003  1.2378530e+001  2.5213090e+001  1.2200000e+001
  5.7200000e+003  1.2362552e+001  2.5163263e+001  1.2200000e+001
  5.7300000e+003  1.2329696e+001  2.5113610e+001  1.2200000e+001
  5.7400000e+003  1.2330743e+001  2.5074953e+001  1.2200000e+001
  5.7500000e+003  1.2364730e+001  2.5037912e+001  1.2200000e+001
  5.7600000e+003  1.2416780e+001  2.5001629e+001  1.2200000e+001
  5.7700000e+003  1.2421350e+001  2.4966810e+001  1.2200000e+001
  5.7800000e+003  1.2173674e+001  2.4934620e+001  1.2200000e+001
  5.7900000e+003  1.2172661e+001  2.4903552e+001  1.2200000e+001
  5.8000000e+003  1.2172534e+001  2.4867716e+001  1.2200000e+001
  5.8100000e+003  1.2171110e+001  2.4851544e+001  1.2200000e+001
  5.8200000e+003  1.2170015e+001  2.4839960e+001  1.2200000e+001
  5.8300000e+003  1.2397520e+001  2.4821088e+001  1.2200000e+001
  5.8400000e+003  1.2391511e+001  2.4771298e+001  1.2200000e+001
  5.8500000e+003  1.2351798e+001  2.4720808e+001  1.2200000e+001
  5.8600000e+003  1.2267540e+001  2.4682702e+001  1.2200000e+001
  5.8700000e+003  1.2168292e+001  2.4648591e+001  1.2200000e+001
  5.8800000e+003  1.2166941e+001  2.4624391e+001  1.2200000e+001
  5.8900000e+003  1.2165605e+001  2.4608252e+001  1.2200000e+001
  5.9000000e+003  1.2164230e+001  2.4596667e+001  1.2200000e+001
  5.9100000e+003  1.2162829e+001  2.4585082e+001  1.2200000e+001
  5.9200000e+003  1.2161303e+001  2.4573498e+001  1.2200000e+001
  5.9300000e+003  1.2159684e+001  2.4561913e+001  1.2200000e+001
  5.9400000e+003  1.2158057e+001  2.4550329e+001  1.2200000e+001
  5.9500000e+003  1.2156465e+001  2.4532793e+001  1.2200000e+001
  5.9600000e+003  1.2339105e+001  2.4499278e+001  1.2200000e+001
  5.9700000e+003  1.2304934e+001  2.4460415e+001  1.2200000e+001
  5.9800000e+003  1.2269410e+001  2.4417982e+001  1.2200000e+001
  5.9900000e+003  1.2265191e+001  2.4371414e+001  1.2200000e+001
  6.0000000e+003  1.2296156e+001  2.4323115e+001  1.2200000e+001
  6.0100000e+003  1.2382514e+001  2.4276535e+001  1.2200000e+001
  6.0200000e+003  1.2392269e+001  2.4234751e+001  1.2200000e+001
  6.0300000e+003  1.2365128e+001  2.4195038e+001  1.2200000e+001
  6.0400000e+003  1.2326047e+001  2.4158675e+001  1.2200000e+001
  6.0500000e+003  1.2153843e+001  2.4128114e+001  1.2200000e+001
  6.0600000e+003  1.2152012e+001  2.4100025e+001  1.2200000e+001
  6.0700000e+003  1.2410104e+001  2.4061706e+001  1.2200000e+001
  6.0800000e+003  1.2430230e+001  2.4010660e+001  1.2200000e+001
  6.0900000e+003  1.2412277e+001  2.3969119e+001  1.2200000e+001
  6.1000000e+003  1.2372204e+001  2.3930196e+001  1.2200000e+001
  6.1100000e+003  1.2150376e+001  2.3894726e+001  1.2200000e+001
  6.1200000e+003  1.2148150e+001  2.3870696e+001  1.2200000e+001
  6.1300000e+003  1.2145919e+001  2.3846880e+001  1.2200000e+001
  6.1400000e+003  1.2143717e+001  2.3815971e+001  1.2200000e+001
  6.1500000e+003  1.2339530e+001  2.3781924e+001  1.2200000e+001
  6.1600000e+003  1.2141441e+001  2.3751186e+001  1.2200000e+001
  6.1700000e+003  1.2139105e+001  2.3729560e+001  1.2200000e+001
  6.1800000e+003  1.2136612e+001  2.3711869e+001  1.2200000e+001
  6.1900000e+003  1.2134094e+001  2.3689486e+001  1.2200000e+001
  6.2000000e+003  1.2405138e+001  2.3654517e+001  1.2200000e+001
  6.2100000e+003  1.2365982e+001  2.3614117e+001  1.2200000e+001
  6.2200000e+003  1.2131985e+001  2.3581214e+001  1.2200000e+001
  6.2300000e+003  1.2129130e+001  2.3567859e+001  1.2200000e+001
  6.2400000e+003  1.2126043e+001  2.3556275e+001  1.2200000e+001
  6.2500000e+003  1.2122866e+001  2.3542663e+001  1.2200000e+001
  6.2600000e+003  1.2384299e+001  2.3508199e+001  1.2200000e+001
  6.2700000e+003  1.2399065e+001  2.3464227e+001  1.2200000e+001
  6.2800000e+003  1.2120864e+001  2.3426267e+001  1.2200000e+001
  6.2900000e+003  1.2117650e+001  2.3408438e+001  1.2200000e+001
  6.3000000e+003  1.2114239e+001  2.3396850e+001  1.2200000e+001
  6.3100000e+003  1.2110711e+001  2.3383606e+001  1.2200000e+001
  6.3200000e+003  1.2365135e+001  2.3353367e+001  1.2200000e+001
  6.3300000e+003  1.2405206e+001  2.3316546e+001  1.2200000e+001
  6.3400000e+003  1.2105842e+001  2.3284615e+001  1.2200000e+001
  6.3500000e+003  1.2102236e+001  2.3268797e+001  1.2200000e+001
  6.3600000e+003  1.2097939e+001  2.3257212e+001  1.2200000e+001
  6.3700000e+003  1.2093328e+001  2.3245628e+001  1.2200000e+001
  6.3800000e+003  1.2088671e+001  2.3234043e+001  1.2200000e+001
  6.3900000e+003  1.2084075e+001  2.3222459e+001  1.2200000e+001
  6.4000000e+003  1.2079408e+001  2.3210874e+001  1.2200000e+001
  6.4100000e+003  1.2074335e+001  2.3199290e+001  1.2200000e+001
  6.4200000e+003  1.2068737e+001  2.3187706e+001  1.2200000e+001
  6.4300000e+003  1.2062717e+001  2.3176121e+001  1.2200000e+001
  6.4400000e+003  1.2056552e+001  2.3164537e+001  1.2200000e+001
  6.4500000e+003  1.2050447e+001  2.3152952e+001  1.2200000e+001
  6.4600000e+003  1.2044524e+001  2.3135826e+001  1.2200000e+001
  6.4700000e+003  1.2329605e+001  2.3097459e+001  1.2200000e+001
  6.4800000e+003  1.2290657e+001  2.3050705e+001  1.2200000e+001
  6.4900000e+003  1.2276220e+001  2.2998715e+001  1.2200000e+001
  6.5000000e+003  1.2299568e+001  2.2941007e+001  1.2200000e+001
  6.5100000e+003  1.2393367e+001  2.2880915e+001  1.2200000e+001
  6.5200000e+003  1.2412887e+001  2.2832741e+001  1.2200000e+001
  6.5300000e+003  1.2394310e+001  2.2782751e+001  1.2200000e+001
  6.5400000e+003  1.2354719e+001  2.2728437e+001  1.2200000e+001
  6.5500000e+003  1.2330514e+001  2.2676506e+001  1.2200000e+001
  6.5600000e+003  1.2346105e+001  2.2632479e+001  1.2200000e+001
  6.5700000e+003  1.2384828e+001  2.2591878e+001  1.2200000e+001
  6.5800000e+003  1.2413237e+001  2.2553776e+001  1.2200000e+001
  6.5900000e+003  1.2037743e+001  2.2532942e+001  1.2200000e+001
  6.6000000e+003  1.2031672e+001  2.2521350e+001  1.2200000e+001
  6.6100000e+003  1.2024546e+001  2.2509766e+001  1.2200000e+001
  6.6200000e+003  1.2016870e+001  2.2498181e+001  1.2200000e+001
  6.6300000e+003  1.2009091e+001  2.2486597e+001  1.2200000e+001
  6.6400000e+003  1.2001436e+001  2.2473720e+001  1.2200000e+001
  6.6500000e+003  1.1993733e+001  2.2444415e+001  1.2200000e+001
  6.6600000e+003  1.2389660e+001  2.2408781e+001  1.2200000e+001
  6.6700000e+003  1.1988230e+001  2.2379410e+001  1.2200000e+001
  6.6800000e+003  1.1979738e+001  2.2366986e+001  1.2200000e+001
  6.6900000e+003  1.1971049e+001  2.2355401e+001  1.2200000e+001
  6.7000000e+003  1.1962538e+001  2.2343817e+001  1.2200000e+001
  6.7100000e+003  1.1953604e+001  2.2323263e+001  1.2200000e+001
  6.7200000e+003  1.1944169e+001  2.2293639e+001  1.2200000e+001
  6.7300000e+003  1.1933821e+001  2.2263841e+001  1.2200000e+001
  6.7400000e+003  1.1922520e+001  2.2237761e+001  1.2200000e+001
  6.7500000e+003  1.1910736e+001  2.2213327e+001  1.2200000e+001
  6.7600000e+003  1.2342285e+001  2.2182441e+001  1.2200000e+001
  6.7700000e+003  1.2366231e+001  2.2136704e+001  1.2200000e+001
  6.7800000e+003  1.2352465e+001  2.2084582e+001  1.2200000e+001
  6.7900000e+003  1.2313665e+001  2.2028377e+001  1.2200000e+001
  6.8000000e+003  1.2285503e+001  2.1967618e+001  1.2200000e+001
  6.8100000e+003  1.2331728e+001  2.1904958e+001  1.2200000e+001
  6.8200000e+003  1.2368935e+001  2.1859113e+001  1.2200000e+001
  6.8300000e+003  1.2400770e+001  2.1817627e+001  1.2200000e+001
  6.8400000e+003  1.2397967e+001  2.1774709e+001  1.2200000e+001
  6.8500000e+003  1.2363103e+001  2.1736114e+001  1.2200000e+001
  6.8600000e+003  1.2334081e+001  2.1695194e+001  1.2200000e+001
  6.8700000e+003  1.2331263e+001  2.1653575e+001  1.2200000e+001
  6.8800000e+003  1.2363090e+001  2.1614997e+001  1.2200000e+001
  6.8900000e+003  1.2400299e+001  2.1577981e+001  1.2200000e+001
  6.9000000e+003  1.2408682e+001  2.1541572e+001  1.2200000e+001
  6.9100000e+003  1.2335375e+001  2.1494437e+001  1.2200000e+001
  6.9200000e+003  1.2296569e+001  2.1449875e+001  1.2200000e+001
  6.9300000e+003  1.2282790e+001  2.1398962e+001  1.2200000e+001
  6.9400000e+003  1.2306703e+001  2.1343845e+001  1.2200000e+001
  6.9500000e+003  1.2346323e+001  2.1284174e+001  1.2200000e+001
  6.9600000e+003  1.2382683e+001  2.1222604e+001  1.2200000e+001
  6.9700000e+003  1.2363488e+001  2.1170116e+001  1.2200000e+001
  6.9800000e+003  1.2323840e+001  2.1131816e+001  1.2200000e+001
  6.9900000e+003  1.2300201e+001  2.1092041e+001  1.2200000e+001
  7.0000000e+003  1.2314295e+001  2.1053807e+001  1.2200000e+001
  7.0100000e+003  1.2337676e+001  2.1008895e+001  1.2200000e+001
  7.0200000e+003  1.2365588e+001  2.0960991e+001  1.2200000e+001
  7.0300000e+003  1.1902170e+001  2.0920521e+001  1.2200000e+001
  7.0400000e+003  1.1882896e+001  2.0897874e+001  1.2200000e+001
  7.0500000e+003  1.1869327e+001  2.0885452e+001  1.2200000e+001
  7.0600000e+003  1.1854565e+001  2.0868531e+001  1.2200000e+001
  7.0700000e+003  1.2309880e+001  2.0833443e+001  1.2200000e+001
  7.0800000e+003  1.2344582e+001  2.0791726e+001  1.2200000e+001
  7.0900000e+003  1.2347049e+001  2.0742024e+001  1.2200000e+001
  7.1000000e+003  1.2315013e+001  2.0688457e+001  1.2200000e+001
  7.1100000e+003  1.2261539e+001  2.0649227e+001  1.2200000e+001
  7.1200000e+003  1.2253031e+001  2.0611497e+001  1.2200000e+001
  7.1300000e+003  1.1942726e+001  2.0573539e+001  1.2200000e+001
  7.1400000e+003  1.1830962e+001  2.0544712e+001  1.2200000e+001
  7.1500000e+003  1.2333892e+001  2.0513764e+001  1.2200000e+001
  7.1600000e+003  1.2345154e+001  2.0472269e+001  1.2200000e+001
  7.1700000e+003  1.2305564e+001  2.0426172e+001  1.2200000e+001
  7.1800000e+003  1.2286974e+001  2.0379104e+001  1.2200000e+001
  7.1900000e+003  1.2306477e+001  2.0332961e+001  1.2200000e+001
  7.2000000e+003  1.2346142e+001  2.0287254e+001  1.2200000e+001
  7.2100000e+003  1.2341563e+001  2.0246738e+001  1.2200000e+001
  7.2200000e+003  1.1806719e+001  2.0217021e+001  1.2200000e+001
  7.2300000e+003  1.1790054e+001  2.0191933e+001  1.2200000e+001
  7.2400000e+003  1.1771749e+001  2.0167905e+001  1.2200000e+001
  7.2500000e+003  1.1752354e+001  2.0143124e+001  1.2200000e+001
  7.2600000e+003  1.1734077e+001  2.0117981e+001  1.2200000e+001
  7.2700000e+003  1.2391317e+001  2.0077007e+001  1.2200000e+001
  7.2800000e+003  1.2387813e+001  2.0028657e+001  1.2200000e+001
  7.2900000e+003  1.2352617e+001  1.9970802e+001  1.2200000e+001
  7.3000000e+003  1.2318088e+001  1.9922050e+001  1.2200000e+001
  7.3100000e+003  1.1722239e+001  1.9886014e+001  1.2200000e+001
  7.3200000e+003  1.1703630e+001  1.9866230e+001  1.2200000e+001
  7.3300000e+003  1.1687853e+001  1.9862854e+001  1.2200000e+001
  7.3400000e+003  1.1673036e+001  1.9862854e+001  1.2200000e+001
  7.3500000e+003  1.1657420e+001  1.9862854e+001  1.2200000e+001
  7.3600000e+003  1.1636963e+001  1.9862854e+001  1.2200000e+001
  7.3700000e+003  1.1614239e+001  1.9862854e+001  1.2200000e+001
  7.3800000e+003  1.1590823e+001  1.9862854e+001  1.2200000e+001
  7.3900000e+003  1.1567801e+001  1.9862854e+001  1.2200000e+001
  7.4000000e+003  1.1545151e+001  1.9862854e+001  1.2200000e+001
  7.4100000e+003  1.1523371e+001  1.9862854e+001  1.2200000e+001
  7.4200000e+003  1.2408685e+001  1.9861743e+001  1.2200000e+001
  7.4300000e+003  1.2385611e+001  1.9860354e+001  1.2200000e+001
  7.4400000e+003  1.2400361e+001  1.9858965e+001  1.2200000e+001
  7.4500000e+003  1.2439375e+001  1.9857577e+001  1.2200000e+001
  7.4600000e+003  1.2430681e+001  1.9856188e+001  1.2200000e+001
  7.4700000e+003  1.2421283e+001  1.9854799e+001  1.2200000e+001
  7.4800000e+003  1.2383721e+001  1.9853410e+001  1.2200000e+001
  7.4900000e+003  1.2352528e+001  1.9852021e+001  1.2200000e+001
  7.5000000e+003  1.2356383e+001  1.9850632e+001  1.2200000e+001
  7.5100000e+003  1.2482200e+001  1.9849243e+001  1.2200000e+001
  7.5200000e+003  1.2516560e+001  1.9847854e+001  1.2200000e+001
  7.5300000e+003  1.2518324e+001  1.9846465e+001  1.2200000e+001
  7.5400000e+003  1.2485878e+001  1.9845077e+001  1.2200000e+001
  7.5500000e+003  1.2449051e+001  1.9843688e+001  1.2200000e+001
  7.5600000e+003  1.2413084e+001  1.9842299e+001  1.2200000e+001
  7.5700000e+003  1.2441968e+001  1.9840910e+001  1.2200000e+001
  7.5800000e+003  1.2480531e+001  1.9839521e+001  1.2200000e+001
  7.5900000e+003  1.2493316e+001  1.9838132e+001  1.2200000e+001
  7.6000000e+003  1.2468569e+001  1.9836743e+001  1.2200000e+001
  7.6100000e+003  1.2397942e+001  1.9835354e+001  1.2200000e+001
  7.6200000e+003  1.2379974e+001  1.9833965e+001  1.2200000e+001
  7.6300000e+003  1.2400086e+001  1.9832577e+001  1.2200000e+001
  7.6400000e+003  1.2439786e+001  1.9831188e+001  1.2200000e+001
  7.6500000e+003  1.2462574e+001  1.9829799e+001  1.2200000e+001
  7.6600000e+003  1.2411845e+001  1.9828410e+001  1.2200000e+001
  7.6700000e+003  1.2372764e+001  1.9827021e+001  1.2200000e+001
  7.6800000e+003  1.2345612e+001  1.9825632e+001  1.2200000e+001
  7.6900000e+003  1.2355349e+001  1.9824243e+001  1.2200000e+001
  7.7000000e+003  1.2393024e+001  1.9822854e+001  1.2200000e+001
  7.7100000e+003  1.2474269e+001  1.9821465e+001  1.2200000e+001
  7.7200000e+003  1.2470068e+001  1.9820077e+001  1.2200000e+001
  7.7300000e+003  1.2434551e+001  1.9818688e+001  1.2200000e+001
  7.7400000e+003  1.2400375e+001  1.9817299e+001  1.2200000e+001
  7.7500000e+003  1.2398962e+001  1.9815910e+001  1.2200000e+001
  7.7600000e+003  1.2391738e+001  1.9814521e+001  1.2200000e+001
  7.7700000e+003  1.2428429e+001  1.9813132e+001  1.2200000e+001
  7.7800000e+003  1.2435431e+001  1.9811743e+001  1.2200000e+001
  7.7900000e+003  1.2406305e+001  1.9810354e+001  1.2200000e+001
  7.8000000e+003  1.2367828e+001  1.9808965e+001  1.2200000e+001
  7.8100000e+003  1.2437759e+001  1.9807577e+001  1.2200000e+001
  7.8200000e+003  1.2462786e+001  1.9806188e+001  1.2200000e+001
  7.8300000e+003  1.2502275e+001  1.9804799e+001  1.2200000e+001
  7.8400000e+003  1.2519927e+001  1.9803410e+001  1.2200000e+001
  7.8500000e+003  1.2499511e+001  1.9802021e+001  1.2200000e+001
  7.8600000e+003  1.2397876e+001  1.9800632e+001  1.2200000e+001
  7.8700000e+003  1.2375374e+001  1.9799243e+001  1.1523491e+001
  7.8800000e+003  1.2390775e+001  1.9797854e+001  1.1530222e+001
  7.8900000e+003  1.2429915e+001  1.9796465e+001  1.1536887e+001
  7.9000000e+003  1.2456810e+001  1.9795077e+001  1.1543485e+001
  7.9100000e+003  1.2515039e+001  1.9793688e+001  1.1550017e+001
  7.9200000e+003  1.2477259e+001  1.9792299e+001  1.1556485e+001
  7.9300000e+003  1.2446507e+001  1.9790910e+001  1.1562888e+001
  7.9400000e+003  1.2451060e+001  1.9789521e+001  1.1569227e+001
  7.9500000e+003  1.2486734e+001  1.9788132e+001  1.1575504e+001
  7.9600000e+003  1.2429369e+001  1.9786743e+001  1.1581717e+001
  7.9700000e+003  1.2430424e+001  1.9785354e+001  1.1587869e+001
  7.9800000e+003  1.2397577e+001  1.9783965e+001  1.1593960e+001
  7.9900000e+003  1.2361020e+001  1.9782577e+001  1.1599990e+001
  8.0000000e+003  1.2354364e+001  1.9781188e+001  1.1605961e+001
  8.0100000e+003  1.2421820e+001  1.9779799e+001  1.1611871e+001
  8.0200000e+003  1.2460210e+001  1.9778410e+001  1.1617723e+001
  8.0300000e+003  1.2472327e+001  1.9777021e+001  1.1623517e+001
  8.0400000e+003  1.2447033e+001  1.9775632e+001  1.1629253e+001
  8.0500000e+003  1.2407584e+001  1.9774243e+001  1.1634932e+001
  8.0600000e+003  1.2414975e+001  1.9772854e+001  1.1640555e+001
  8.0700000e+003  1.2435693e+001  1.9771465e+001  1.1646121e+001
  8.0800000e+003  1.2475415e+001  1.9770077e+001  1.1651632e+001
  8.0900000e+003  1.2497622e+001  1.9768688e+001  1.1657089e+001
  8.1000000e+003  1.2481898e+001  1.9767299e+001  1.1662491e+001
  8.1100000e+003  1.2364506e+001  1.9765910e+001  1.1667839e+001
  8.1200000e+003  1.2337867e+001  1.9764521e+001  1.1673134e+001
  8.1300000e+003  1.2348285e+001  1.9763132e+001  1.1678377e+001
  8.1400000e+003  1.2386177e+001  1.9761743e+001  1.1683567e+001
  8.1500000e+003  1.2416705e+001  1.9760354e+001  1.1688706e+001
  8.1600000e+003  1.2497913e+001  1.9758965e+001  1.1693793e+001
  8.1700000e+003  1.2462092e+001  1.9757577e+001  1.1698830e+001
  8.1800000e+003  1.2428280e+001  1.9756188e+001  1.1703817e+001
  8.1900000e+003  1.2427570e+001  1.9754799e+001  1.1708754e+001
  8.2000000e+003  1.2460614e+001  1.9753410e+001  1.1713642e+001
  8.2100000e+003  1.2412140e+001  1.9752021e+001  1.1718481e+001
  8.2200000e+003  1.2418444e+001  1.9750632e+001  1.1723272e+001
  8.2300000e+003  1.2388844e+001  1.9749243e+001  1.1728016e+001
  8.2400000e+003  1.2350549e+001  1.9747854e+001  1.1732712e+001
  8.2500000e+003  1.2338767e+001  1.9746465e+001  1.1737362e+001
  8.2600000e+003  1.2387575e+001  1.9745077e+001  1.1741965e+001
  8.2700000e+003  1.2426982e+001  1.9743688e+001  1.1746522e+001
  8.2800000e+003  1.2444001e+001  1.9742299e+001  1.1751035e+001
  8.2900000e+003  1.2422985e+001  1.9740910e+001  1.1755502e+001
  8.3000000e+003  1.2383257e+001  1.9739521e+001  1.1759925e+001
  8.3100000e+003  1.2410704e+001  1.9738132e+001  1.1764304e+001
  8.3200000e+003  1.2426754e+001  1.9736743e+001  1.1768639e+001
  8.3300000e+003  1.2466009e+001  1.9735354e+001  1.1772931e+001
  8.3400000e+003  1.2492382e+001  1.9733965e+001  1.1777180e+001
  8.3500000e+003  1.2481625e+001  1.9732577e+001  1.1781387e+001
  8.3600000e+003  1.2383074e+001  1.9731188e+001  1.1785553e+001
  8.3700000e+003  1.2352768e+001  1.9729799e+001  1.1789677e+001
  8.3800000e+003  1.2358020e+001  1.9728410e+001  1.1793759e+001
  8.3900000e+003  1.2393997e+001  1.9727021e+001  1.1797802e+001
  8.4000000e+003  1.2427623e+001  1.9725632e+001  1.1801803e+001
  8.4100000e+003  1.2407646e+001  1.9724243e+001  1.1805766e+001
  8.4200000e+003  1.2374407e+001  1.9722854e+001  1.1809688e+001
  8.4300000e+003  1.2338131e+001  1.9721465e+001  1.1813572e+001
  8.4400000e+003  1.2332169e+001  1.9720077e+001  1.1817417e+001
  8.4500000e+003  1.2362003e+001  1.9718688e+001  1.1821224e+001
  8.4600000e+003  1.2420267e+001  1.9717299e+001  1.1824993e+001
  8.4700000e+003  1.2431714e+001  1.9715910e+001  1.1828724e+001
  8.4800000e+003  1.2405882e+001  1.9714521e+001  1.1832418e+001
  8.4900000e+003  1.2366523e+001  1.9713132e+001  1.1836076e+001
  8.5000000e+003  1.2349822e+001  1.9711743e+001  1.1839697e+001
  8.5100000e+003  1.2385170e+001  1.9710354e+001  1.1843282e+001
  8.5200000e+003  1.2424903e+001  1.9708965e+001  1.1846831e+001
  8.5300000e+003  1.2446523e+001  1.9707577e+001  1.1850345e+001
  8.5400000e+003  1.1842003e+001  1.9707293e+001  1.1841595e+001
  8.5500000e+003  1.1829125e+001  1.9707293e+001  1.1828673e+001
  8.5600000e+003  1.1815391e+001  1.9707293e+001  1.1814920e+001
  8.5700000e+003  1.1801022e+001  1.9707293e+001  1.1800541e+001
  8.5800000e+003  1.1786783e+001  1.9707293e+001  1.1786316e+001
  8.5900000e+003  1.1772990e+001  1.9707293e+001  1.1772534e+001
  8.6000000e+003  1.1759092e+001  1.9707293e+001  1.1758615e+001
  8.6100000e+003  1.1743071e+001  1.9707293e+001  1.1742503e+001
  8.6200000e+003  1.1725219e+001  1.9707293e+001  1.1724600e+001
  8.6300000e+003  1.1704044e+001  1.9698996e+001  1.1703305e+001
  8.6400000e+003  1.1681826e+001  1.9687412e+001  1.1681087e+001
  8.6500000e+003  1.2308776e+001  1.9668180e+001  1.1662524e+001
  8.6600000e+003  1.2380469e+001  1.9615165e+001  1.1667872e+001
  8.6700000e+003  1.2350408e+001  1.9574139e+001  1.1673167e+001
  8.6800000e+003  1.2312302e+001  1.9534882e+001  1.1676960e+001
  8.6900000e+003  1.1659156e+001  1.9512019e+001  1.1658401e+001
  8.7000000e+003  1.1636353e+001  1.9500415e+001  1.1635594e+001
  8.7100000e+003  1.1614800e+001  1.9488830e+001  1.1614095e+001
  8.7200000e+003  1.1593682e+001  1.9477246e+001  1.1592972e+001
  8.7300000e+003  1.1571695e+001  1.9465662e+001  1.1570933e+001
  8.7400000e+003  1.1547599e+001  1.9454077e+001  1.1546755e+001
  8.7500000e+003  1.1521223e+001  1.9429362e+001  1.1520315e+001
  8.7600000e+003  1.2307855e+001  1.9396714e+001  1.1499961e+001
  8.7700000e+003  1.2347809e+001  1.9356583e+001  1.1506927e+001
  8.7800000e+003  1.2373652e+001  1.9316424e+001  1.1513823e+001
  8.7900000e+003  1.2362219e+001  1.9276265e+001  1.1520651e+001
  8.8000000e+003  1.2324023e+001  1.9236105e+001  1.1527410e+001
  8.8100000e+003  1.2289430e+001  1.9195946e+001  1.1534103e+001
  8.8200000e+003  1.2295377e+001  1.9155384e+001  1.1540728e+001
  8.8300000e+003  1.2331648e+001  1.9112099e+001  1.1547288e+001
  8.8400000e+003  1.2364893e+001  1.9066739e+001  1.1553783e+001
  8.8500000e+003  1.2364548e+001  1.9020559e+001  1.1560213e+001
  8.8600000e+003  1.2374062e+001  1.8969900e+001  1.1566579e+001
  8.8700000e+003  1.2338082e+001  1.8910209e+001  1.1572881e+001
  8.8800000e+003  1.2332816e+001  1.8852774e+001  1.1579121e+001
  8.8900000e+003  1.2363110e+001  1.8810769e+001  1.1585299e+001
  8.9000000e+003  1.2401110e+001  1.8770187e+001  1.1591416e+001
  8.9100000e+003  1.2405787e+001  1.8730028e+001  1.1597471e+001
  8.9200000e+003  1.2379424e+001  1.8689868e+001  1.1603466e+001
  8.9300000e+003  1.2340167e+001  1.8649706e+001  1.1609402e+001
  8.9400000e+003  1.2324107e+001  1.8608309e+001  1.1615278e+001
  8.9500000e+003  1.2346011e+001  1.8566498e+001  1.1621097e+001
  8.9600000e+003  1.2394292e+001  1.8526109e+001  1.1626857e+001
  8.9700000e+003  1.2415320e+001  1.8485950e+001  1.1632560e+001
  8.9800000e+003  1.2398314e+001  1.8443923e+001  1.1638206e+001
  8.9900000e+003  1.2358910e+001  1.8396863e+001  1.1643796e+001
  9.0000000e+003  1.2333335e+001  1.8347580e+001  1.1649330e+001
  9.0100000e+003  1.2344047e+001  1.8297867e+001  1.1654809e+001
  9.0200000e+003  1.2382339e+001  1.8248682e+001  1.1660234e+001
  9.0300000e+003  1.2411948e+001  1.8199743e+001  1.1665605e+001
  9.0400000e+003  1.2405653e+001  1.8156621e+001  1.1670922e+001
  9.0500000e+003  1.2369240e+001  1.8116462e+001  1.1676187e+001
  9.0600000e+003  1.2304185e+001  1.8076302e+001  1.1681399e+001
  9.0700000e+003  1.2304879e+001  1.8035835e+001  1.1686559e+001
  9.0800000e+003  1.2338683e+001  1.7981383e+001  1.1691668e+001
  9.0900000e+003  1.2374516e+001  1.7940335e+001  1.1696726e+001
  9.1000000e+003  1.2379432e+001  1.7899038e+001  1.1701733e+001
  9.1100000e+003  1.2292807e+001  1.7857341e+001  1.1706691e+001
  9.1200000e+003  1.2254907e+001  1.7817182e+001  1.1711600e+001
  9.1300000e+003  1.2244476e+001  1.7777023e+001  1.1716337e+001
  9.1400000e+003  1.2271100e+001  1.7736864e+001  1.1721124e+001
  9.1500000e+003  1.2310302e+001  1.7696704e+001  1.1725889e+001
  9.1600000e+003  1.2411570e+001  1.7656545e+001  1.1730606e+001
  9.1700000e+003  1.2389380e+001  1.7616386e+001  1.1735277e+001
  9.1800000e+003  1.2349658e+001  1.7576227e+001  1.1739901e+001
  9.1900000e+003  1.2328930e+001  1.7536067e+001  1.1744479e+001
  9.2000000e+003  1.2346253e+001  1.7489975e+001  1.1749012e+001
  9.2100000e+003  1.2333585e+001  1.7433553e+001  1.1753499e+001
  9.2200000e+003  1.2358885e+001  1.7380454e+001  1.1757942e+001
  9.2300000e+003  1.2346781e+001  1.7339536e+001  1.1762340e+001
  9.2400000e+003  1.2308398e+001  1.7299376e+001  1.1766695e+001
  9.2500000e+003  1.2279024e+001  1.7252468e+001  1.1771007e+001
  9.2600000e+003  1.2348241e+001  1.7206721e+001  1.1775275e+001
  9.2700000e+003  1.2384797e+001  1.7153569e+001  1.1779501e+001
  9.2800000e+003  1.2417652e+001  1.7106015e+001  1.1783685e+001
  9.2900000e+003  1.2416604e+001  1.7063121e+001  1.1787828e+001
  9.3000000e+003  1.2382616e+001  1.7022899e+001  1.1791929e+001
  9.3100000e+003  1.2291065e+001  1.6982740e+001  1.1795989e+001
  9.3200000e+003  1.2286494e+001  1.6942581e+001  1.1800009e+001
  9.3300000e+003  1.2317237e+001  1.6902422e+001  1.1803989e+001
  9.3400000e+003  1.2355027e+001  1.6862262e+001  1.1807929e+001
  9.3500000e+003  1.2365118e+001  1.6822007e+001  1.1811831e+001
  9.3600000e+003  1.2404019e+001  1.6780248e+001  1.1815693e+001
  9.3700000e+003  1.2364881e+001  1.6739616e+001  1.1819517e+001
  9.3800000e+003  1.2349467e+001  1.6699456e+001  1.1823303e+001
  9.3900000e+003  1.2371954e+001  1.6659297e+001  1.1827051e+001
  9.4000000e+003  1.2411667e+001  1.6619138e+001  1.1830762e+001
  9.4100000e+003  1.2399019e+001  1.6578979e+001  1.1834436e+001
  9.4200000e+003  1.2381377e+001  1.6538819e+001  1.1838073e+001
  9.4300000e+003  1.2341889e+001  1.6498660e+001  1.1841675e+001
  9.4400000e+003  1.2316857e+001  1.6458501e+001  1.1845240e+001
  9.4500000e+003  1.2329296e+001  1.6418342e+001  1.1848770e+001
  9.4600000e+003  1.2390222e+001  1.6378183e+001  1.1852265e+001
  9.4700000e+003  1.2419359e+001  1.6335346e+001  1.1855725e+001
  9.4800000e+003  1.2412370e+001  1.6282982e+001  1.1859150e+001
  9.4900000e+003  1.2375682e+001  1.6230379e+001  1.1862542e+001
  9.5000000e+003  1.2343026e+001  1.6184799e+001  1.1865900e+001
  9.5100000e+003  1.2303055e+001  1.6142329e+001  1.1869224e+001
  9.5200000e+003  1.2337220e+001  1.6101916e+001  1.1872515e+001
  9.5300000e+003  1.2372744e+001  1.6061757e+001  1.1875774e+001
  9.5400000e+003  1.2376961e+001  1.6021597e+001  1.1879000e+001
  9.5500000e+003  1.2345996e+001  1.5981438e+001  1.1882194e+001
  9.5600000e+003  1.2334022e+001  1.5941279e+001  1.1885356e+001
  9.5700000e+003  1.2324273e+001  1.5901120e+001  1.1888487e+001
  9.5800000e+003  1.2351415e+001  1.5860960e+001  1.1891586e+001
  9.5900000e+003  1.2390496e+001  1.5820801e+001  1.1894655e+001
  9.6000000e+003  1.2405585e+001  1.5780642e+001  1.1897693e+001
  9.6100000e+003  1.2403809e+001  1.5739706e+001  1.1900701e+001
  9.6200000e+003  1.2364110e+001  1.5685998e+001  1.1903679e+001
  9.6300000e+003  1.2343986e+001  1.5626923e+001  1.1906628e+001
  9.6400000e+003  1.2361939e+001  1.5586614e+001  1.1909547e+001
  9.6500000e+003  1.2401465e+001  1.5546455e+001  1.1912437e+001
  9.6600000e+003  1.2420476e+001  1.5506296e+001  1.1915298e+001
  9.6700000e+003  1.2407704e+001  1.5466137e+001  1.1918131e+001
  9.6800000e+003  1.2369145e+001  1.5425977e+001  1.1920936e+001
  9.6900000e+003  1.2340249e+001  1.5385818e+001  1.1923713e+001
  9.7000000e+003  1.2347584e+001  1.5338581e+001  1.1926462e+001
  9.7100000e+003  1.2326686e+001  1.5291683e+001  1.1929183e+001
  9.7200000e+003  1.2359137e+001  1.5245783e+001  1.1931878e+001
  9.7300000e+003  1.2357386e+001  1.5198582e+001  1.1934546e+001
  9.7400000e+003  1.2323039e+001  1.5147954e+001  1.1937187e+001
  9.7500000e+003  1.2287675e+001  1.5095848e+001  1.1939802e+001
  9.7600000e+003  1.2256464e+001  1.5050432e+001  1.1942391e+001
  9.7700000e+003  1.2287646e+001  1.5010272e+001  1.1944955e+001
  9.7800000e+003  1.2325212e+001  1.4970112e+001  1.1947492e+001
  9.7900000e+003  1.2334622e+001  1.4929953e+001  1.1950005e+001
  9.8000000e+003  1.2307224e+001  1.4889794e+001  1.1952492e+001
  9.8100000e+003  1.2347625e+001  1.4849611e+001  1.1954955e+001
  9.8200000e+003  1.2332867e+001  1.4809393e+001  1.1957393e+001
  9.8300000e+003  1.2355931e+001  1.4769234e+001  1.1959807e+001
  9.8400000e+003  1.2395616e+001  1.4729075e+001  1.1962197e+001
  9.8500000e+003  1.2415436e+001  1.4688914e+001  1.1964563e+001
  9.8600000e+003  1.2347110e+001  1.4643900e+001  1.1966906e+001
  9.8700000e+003  1.2307547e+001  1.4592896e+001  1.1969225e+001
  9.8800000e+003  1.2283065e+001  1.4545274e+001  1.1971522e+001
  9.8900000e+003  1.2296169e+001  1.4505053e+001  1.1973795e+001
  9.9000000e+003  1.2334812e+001  1.4464894e+001  1.1976046e+001
  9.9100000e+003  1.2373254e+001  1.4420728e+001  1.1978274e+001
  9.9200000e+003  1.2365575e+001  1.4371173e+001  1.1980480e+001
  9.9300000e+003  1.2328622e+001  1.4328542e+001  1.1982665e+001
  9.9400000e+003  1.2296372e+001  1.4287086e+001  1.1984827e+001
  9.9500000e+003  1.2298474e+001  1.4242951e+001  1.1986968e+001
  9.9600000e+003  1.2315601e+001  1.4200895e+001  1.1989088e+001
  9.9700000e+003  1.2350803e+001  1.4155807e+001  1.1991186e+001
  9.9800000e+003  1.2354321e+001  1.4099166e+001  1.1993264e+001
  9.9900000e+003  1.2322919e+001  1.4037490e+001  1.1995321e+001
  1.0000000e+004  1.2285469e+001  1.3981004e+001  1.1997358e+001
  1.0010000e+004  1.2286762e+001  1.3938497e+001  1.1999374e+001
  1.0020000e+004  1.2314414e+001  1.3898338e+001  1.2001370e+001
  1.0030000e+004  1.2353362e+001  1.3858178e+001  1.2003347e+001
  1.0040000e+004  1.2367798e+001  1.3818019e+001  1.2005304e+001
  1.0050000e+004  1.2344449e+001  1.3777860e+001  1.2007241e+001
  1.0060000e+004  1.2346152e+001  1.3737701e+001  1.2009159e+001
  1.0070000e+004  1.2326639e+001  1.3697541e+001  1.2011058e+001
  1.0080000e+004  1.2345218e+001  1.3657382e+001  1.2012938e+001
  1.0090000e+004  1.2384809e+001  1.3617223e+001  1.2014799e+001
  1.0100000e+004  1.2409012e+001  1.3577064e+001  1.2016642e+001
  1.0110000e+004  1.2343706e+001  1.3536904e+001  1.2018466e+001
  1.0120000e+004  1.2304980e+001  1.3496745e+001  1.2020273e+001
  1.0130000e+004  1.2276572e+001  1.3456586e+001  1.2022061e+001
  1.0140000e+004  1.2284597e+001  1.3416427e+001  1.2023831e+001
  1.0150000e+004  1.2321677e+001  1.3376267e+001  1.2025584e+001
  1.0160000e+004  1.2388830e+001  1.3336108e+001  1.2027320e+001
  1.0170000e+004  1.2386379e+001  1.3295949e+001  1.2029038e+001
  1.0180000e+004  1.2351684e+001  1.3255790e+001  1.2030739e+001
  1.0190000e+004  1.2316646e+001  1.3215631e+001  1.2032423e+001
  1.0200000e+004  1.2313478e+001  1.3175471e+001  1.2034091e+001
  1.0210000e+004  1.2377770e+001  1.3135312e+001  1.2035741e+001
  1.0220000e+004  1.2415104e+001  1.3095153e+001  1.2037376e+001
  1.0230000e+004  1.2423829e+001  1.3054994e+001  1.2038994e+001
  1.0240000e+004  1.2395926e+001  1.3013946e+001  1.2040596e+001
  1.0250000e+004  1.2357049e+001  1.2960115e+001  1.2042182e+001
  1.0260000e+004  1.2323766e+001  1.2899878e+001  1.2043752e+001
  1.0270000e+004  1.2347397e+001  1.2857840e+001  1.2045307e+001
  1.0280000e+004  1.2387042e+001  1.2817641e+001  1.2046846e+001
  1.0290000e+004  1.2406250e+001  1.2777482e+001  1.2048370e+001
  1.0300000e+004  1.2387361e+001  1.2737323e+001  1.2049879e+001
  1.0310000e+004  1.2343573e+001  1.2697163e+001  1.2051373e+001
  1.0320000e+004  1.2319648e+001  1.2657004e+001  1.2052852e+001
  1.0330000e+004  1.2333415e+001  1.2616845e+001  1.2054316e+001
  1.0340000e+004  1.2372215e+001  1.2576686e+001  1.2055765e+001
  1.0350000e+004  1.2400376e+001  1.2536526e+001  1.2057200e+001
  1.0360000e+004  1.2330374e+001  1.2496367e+001  1.2058621e+001
  1.0370000e+004  1.2293165e+001  1.2456064e+001  1.2060028e+001
  1.0380000e+004  1.2261330e+001  1.2414381e+001  1.2061421e+001
  1.0390000e+004  1.2264134e+001  1.2373706e+001  1.2062800e+001
  1.0400000e+004  1.2298999e+001  1.2333547e+001  1.2064165e+001
  1.0410000e+004  1.2373639e+001  1.2293388e+001  1.2065516e+001
  1.0420000e+004  1.2376458e+001  1.2253229e+001  1.2066855e+001
  1.0430000e+004  1.2344631e+001  1.2213069e+001  1.2068179e+001
  1.0440000e+004  1.2307422e+001  1.2172910e+001  1.2069491e+001
  1.0450000e+004  1.2299040e+001  1.2132751e+001  1.2070790e+001
  1.0460000e+004  1.2300365e+001  1.2092592e+001  1.2072075e+001
  1.0470000e+004  1.2339166e+001  1.2052432e+001  1.2073348e+001
  1.0480000e+004  1.2352945e+001  1.2011800e+001  1.2074608e+001
  1.0490000e+004  1.2329031e+001  1.1960804e+001  1.2075856e+001
  1.0500000e+004  1.2289411e+001  1.1917887e+001  1.2077091e+001
  1.0510000e+004  1.2349476e+001  1.1872020e+001  1.2078314e+001
  1.0520000e+004  1.2368678e+001  1.1825434e+001  1.2079525e+001
  1.0530000e+004  1.2408322e+001  1.1778614e+001  1.2080724e+001
  1.0540000e+004  1.2431965e+001  1.1735534e+001  1.2081911e+001
  1.0550000e+004  1.2417869e+001  1.1695290e+001  1.2083086e+001
  1.0560000e+004  1.2368974e+001  1.1655130e+001  1.2084249e+001
  1.0570000e+004  1.2341062e+001  1.1614789e+001  1.2085401e+001
  1.0580000e+004  1.2349774e+001  1.1562752e+001  1.2086541e+001
  1.0590000e+004  1.2387101e+001  1.1520810e+001  1.2087670e+001
  1.0600000e+004  1.2418724e+001  1.1478463e+001  1.2088788e+001
  1.0610000e+004  1.2353855e+001  1.1438003e+001  1.2089894e+001
  1.0620000e+004  1.2318818e+001  1.1397844e+001  1.2090990e+001
  1.0630000e+004  1.2284117e+001  1.1357684e+001  1.2092074e+001
  1.0640000e+004  1.2281651e+001  1.1317525e+001  1.2093148e+001
  1.0650000e+004  1.2313688e+001  1.1277366e+001  1.2094212e+001
  1.0660000e+004  1.2382836e+001  1.1237207e+001  1.2095264e+001
  1.0670000e+004  1.2390876e+001  1.1196260e+001  1.2096306e+001
  1.0680000e+004  1.2362476e+001  1.1151904e+001  1.2097338e+001
  1.0690000e+004  1.2323750e+001  1.1109648e+001  1.2098360e+001
  1.0700000e+004  1.2310303e+001  1.1069488e+001  1.2099371e+001
  1.0710000e+004  1.2306953e+001  1.1029329e+001  1.2100372e+001
  1.0720000e+004  1.2346543e+001  1.0988195e+001  1.2101363e+001
  1.0730000e+004  1.2365132e+001  1.0934601e+001  1.2102345e+001
  1.0740000e+004  1.2345628e+001  1.0873002e+001  1.2103317e+001
  1.0750000e+004  1.2305963e+001  1.0809077e+001  1.2104279e+001
  1.0760000e+004  1.2317565e+001  1.0745406e+001  1.2105231e+001
  1.0770000e+004  1.2331991e+001  1.0681911e+001  1.2106174e+001
  1.0780000e+004  1.2370937e+001  1.0631077e+001  1.2107108e+001
  1.0790000e+004  1.2398598e+001  1.0590912e+001  1.2108032e+001
  1.0800000e+004  1.2389542e+001  1.0550753e+001  1.2108947e+001
  1.0810000e+004  1.2374742e+001  1.0510554e+001  1.2109853e+001
  1.0820000e+004  1.2343335e+001  1.0456895e+001  1.2110750e+001
  1.0830000e+004  1.2346840e+001  1.0415188e+001  1.2111638e+001
  1.0840000e+004  1.2382037e+001  1.0371198e+001  1.2112517e+001
  1.0850000e+004  1.2416565e+001  1.0323457e+001  1.2113388e+001
  1.0860000e+004  1.2417063e+001  1.0274177e+001  1.2114250e+001
  1.0870000e+004  1.2384820e+001  1.0219675e+001  1.2115103e+001
  1.0880000e+004  1.2347863e+001  1.0169033e+001  1.2115947e+001
  1.0890000e+004  1.2340171e+001  1.0127920e+001  1.2116784e+001
  1.0900000e+004  1.2368815e+001  1.0087199e+001  1.2117612e+001
  1.0910000e+004  1.2315226e+001  1.0047039e+001  1.2118432e+001
  1.0920000e+004  1.2328336e+001  1.0006880e+001  1.2119243e+001
  1.0930000e+004  1.2303864e+001  9.9667208e+000  1.2120047e+001
  1.0940000e+004  1.2264303e+001  9.9247473e+000  1.2120842e+001
  1.0950000e+004  1.2246025e+001  9.8804394e+000  1.2121623e+001
  1.0960000e+004  1.2323566e+001  9.8363820e+000  1.2122403e+001
  1.0970000e+004  1.2363254e+001  9.7944026e+000  1.2123175e+001
  1.0980000e+004  1.2386327e+001  9.7533344e+000  1.2123940e+001
  1.0990000e+004  1.2371576e+001  9.7130524e+000  1.2124697e+001
  1.1000000e+004  1.2332563e+001  9.6728931e+000  1.2125446e+001
  1.1010000e+004  1.2315203e+001  9.6272705e+000  1.2126188e+001
  1.1020000e+004  1.2324601e+001  9.5761994e+000  1.2126922e+001
  1.1030000e+004  1.2362163e+001  9.5160114e+000  1.2127649e+001
  1.1040000e+004  1.2393355e+001  9.4586309e+000  1.2128369e+001
  1.1050000e+004  1.2389499e+001  9.4184430e+000  1.2129082e+001
  1.1060000e+004  1.2311567e+001  9.3782838e+000  1.2129787e+001
  1.1070000e+004  1.2277211e+001  9.3381245e+000  1.2130486e+001
  1.1080000e+004  1.2275447e+001  9.2979653e+000  1.2131178e+001
  1.1090000e+004  1.2307895e+001  9.2578061e+000  1.2131863e+001
  1.1100000e+004  1.2344721e+001  9.2176468e+000  1.2132541e+001
  1.1110000e+004  1.2405239e+001  9.1772574e+000  1.2133212e+001
  1.1120000e+004  1.2376356e+001  9.1310563e+000  1.2133876e+001
  1.1130000e+004  1.2337794e+001  9.0804963e+000  1.2134534e+001
  1.1140000e+004  1.2325010e+001  9.0349162e+000  1.2135186e+001
  1.1150000e+004  1.2349758e+001  8.9924241e+000  1.2135831e+001
  1.1160000e+004  1.2360094e+001  8.9514019e+000  1.2136469e+001
  1.1170000e+004  1.2378057e+001  8.9112426e+000  1.2137101e+001
  1.1180000e+004  1.2357943e+001  8.8710775e+000  1.2137727e+001
  1.1190000e+004  1.2318243e+001  8.8224182e+000  1.2138347e+001
  1.1200000e+004  1.2295457e+001  8.7733126e+000  1.2138960e+001
  1.1210000e+004  1.2310696e+001  8.7151869e+000  1.2139568e+001
  1.1220000e+004  1.2349775e+001  8.6736640e+000  1.2140169e+001
  1.1230000e+004  1.2376926e+001  8.6331516e+000  1.2140764e+001
  1.1240000e+004  1.2367188e+001  8.5895785e+000  1.2141354e+001
  1.1250000e+004  1.2329513e+001  8.5490314e+000  1.2141937e+001
  1.1260000e+004  1.2262050e+001  8.5056194e+000  1.2142515e+001
  1.1270000e+004  1.2266253e+001  8.4517868e+000  1.2143087e+001
  1.1280000e+004  1.2301771e+001  8.3931936e+000  1.2143653e+001
  1.1290000e+004  1.2335946e+001  8.3313240e+000  1.2144214e+001
  1.1300000e+004  1.2337358e+001  8.2885430e+000  1.2144769e+001
  1.1310000e+004  1.2379491e+001  8.2483147e+000  1.2145318e+001
  1.1320000e+004  1.2342803e+001  8.2081059e+000  1.2145863e+001
  1.1330000e+004  1.2335802e+001  8.1679467e+000  1.2146401e+001
  1.1340000e+004  1.2364929e+001  8.1277875e+000  1.2146935e+001
  1.1350000e+004  1.2403405e+001  8.0876282e+000  1.2147463e+001
  1.1360000e+004  1.2355312e+001  8.0474690e+000  1.2147985e+001
  1.1370000e+004  1.2330285e+001  8.0073098e+000  1.2148503e+001
  1.1380000e+004  1.2290796e+001  7.9671505e+000  1.2149015e+001
  1.1390000e+004  1.2273145e+001  7.9269913e+000  1.2149523e+001
  1.1400000e+004  1.2293562e+001  7.8868321e+000  1.2150025e+001
  1.1410000e+004  1.2393888e+001  7.8459618e+000  1.2150522e+001
  1.1420000e+004  1.2416389e+001  7.7996801e+000  1.2151014e+001
  1.1430000e+004  1.2400987e+001  7.7503561e+000  1.2151502e+001
  1.1440000e+004  1.2361846e+001  7.7042488e+000  1.2151984e+001
  1.1450000e+004  1.2334953e+001  7.6640392e+000  1.2152462e+001
  1.1460000e+004  1.2346033e+001  7.6238800e+000  1.2152935e+001
  1.1470000e+004  1.2383819e+001  7.5837208e+000  1.2153403e+001
  1.1480000e+004  1.2414570e+001  7.5427566e+000  1.2153867e+001
  1.1490000e+004  1.2410015e+001  7.4996036e+000  1.2154326e+001
  1.1500000e+004  1.2374342e+001  7.4579303e+000  1.2154781e+001
  1.1510000e+004  1.2259084e+001  7.4177707e+000  1.2155231e+001
  1.1520000e+004  1.2258018e+001  7.3776115e+000  1.2155676e+001
  1.1530000e+004  1.2290866e+001  7.3374523e+000  1.2156117e+001
  1.1540000e+004  1.2327422e+001  7.2966843e+000  1.2156554e+001
  1.1550000e+004  1.2334077e+001  7.2538680e+000  1.2156986e+001
  1.1560000e+004  1.2328989e+001  7.2124518e+000  1.2157414e+001
  1.1570000e+004  1.2290604e+001  7.1722925e+000  1.2157838e+001
  1.1580000e+004  1.2278488e+001  7.1321332e+000  1.2158257e+001
  1.1590000e+004  1.2303782e+001  7.0919139e+000  1.2158673e+001
  1.1600000e+004  1.2343232e+001  7.0472995e+000  1.2159084e+001
  1.1610000e+004  1.2326227e+001  6.9987052e+000  1.2159491e+001
  1.1620000e+004  1.2305508e+001  6.9510003e+000  1.2159894e+001
  1.1630000e+004  1.2265786e+001  6.9077962e+000  1.2160293e+001
  1.1640000e+004  1.2243579e+001  6.8665561e+000  1.2160683e+001
  1.1650000e+004  1.2259305e+001  6.8227331e+000  1.2161068e+001
  1.1660000e+004  1.2312363e+001  6.7721145e+000  1.2161455e+001
  1.1670000e+004  1.2338997e+001  6.7185641e+000  1.2161838e+001
  1.1680000e+004  1.2328578e+001  6.6669238e+000  1.2162218e+001
  1.1690000e+004  1.2290685e+001  6.6212729e+000  1.2162594e+001
  1.1700000e+004  1.2260158e+001  6.5782159e+000  1.2162966e+001
  1.1710000e+004  1.2281733e+001  6.5375517e+000  1.2163335e+001
  1.1720000e+004  1.2317561e+001  6.4947860e+000  1.2163700e+001
  1.1730000e+004  1.2351372e+001  6.4546239e+000  1.2164061e+001
  1.1740000e+004  1.2352081e+001  6.4144646e+000  1.2164418e+001
  1.1750000e+004  1.2319036e+001  6.3743054e+000  1.2164772e+001
  1.1760000e+004  1.2292162e+001  6.3341461e+000  1.2165123e+001
  1.1770000e+004  1.2285854e+001  6.2939869e+000  1.2165470e+001
  1.1780000e+004  1.2315455e+001  6.2493639e+000  1.2165814e+001
  1.1790000e+004  1.2353750e+001  6.2030249e+000  1.2166154e+001
  1.1800000e+004  1.2365531e+001  6.1611281e+000  1.2166491e+001
  1.1810000e+004  1.2411946e+001  6.1209687e+000  1.2166824e+001
  1.1820000e+004  1.2372545e+001  6.0808095e+000  1.2167154e+001
  1.1830000e+004  1.2355527e+001  6.0406502e+000  1.2167481e+001
  1.1840000e+004  1.2376544e+001  6.0004910e+000  1.2167804e+001
  1.1850000e+004  1.2416272e+001  5.9603318e+000  1.2168125e+001
  1.1860000e+004  1.2343605e+001  5.9201725e+000  1.2168442e+001
  1.1870000e+004  1.2327550e+001  5.8800133e+000  1.2168756e+001
  1.1880000e+004  1.2288295e+001  5.8398541e+000  1.2169067e+001
  1.1890000e+004  1.2261923e+001  5.7996948e+000  1.2169375e+001
  1.1900000e+004  1.2272681e+001  5.7595356e+000  1.2169679e+001
  1.1910000e+004  1.2362729e+001  5.7193764e+000  1.2169981e+001
  1.1920000e+004  1.2393034e+001  5.6792171e+000  1.2170280e+001
  1.1930000e+004  1.2387781e+001  5.6390579e+000  1.2170575e+001
  1.1940000e+004  1.2351803e+001  5.5988987e+000  1.2170868e+001
  1.1950000e+004  1.2318179e+001  5.5586819e+000  1.2171158e+001
  1.1960000e+004  1.2336433e+001  5.5157447e+000  1.2171445e+001
  1.1970000e+004  1.2369673e+001  5.4705129e+000  1.2171729e+001
  1.1980000e+004  1.2405948e+001  5.4259841e+000  1.2172011e+001
  1.1990000e+004  1.2411909e+001  5.3844547e+000  1.2172289e+001
  1.2000000e+004  1.2382075e+001  5.3441665e+000  1.2172565e+001
  1.2010000e+004  1.2306551e+001  5.3040073e+000  1.2172838e+001
  1.2020000e+004  1.2295104e+001  5.2638480e+000  1.2173108e+001
  1.2030000e+004  1.2320937e+001  5.2236888e+000  1.2173376e+001
  1.2040000e+004  1.2360296e+001  5.1835296e+000  1.2173641e+001
  1.2050000e+004  1.2376995e+001  5.1433703e+000  1.2173903e+001
  1.2060000e+004  1.2355094e+001  5.1032111e+000  1.2174162e+001
  1.2070000e+004  1.2315363e+001  5.0628832e+000  1.2174420e+001
  1.2080000e+004  1.2293743e+001  5.0136890e+000  1.2174674e+001
  1.2090000e+004  1.2310112e+001  4.9568698e+000  1.2174926e+001
  1.2100000e+004  1.2349420e+001  4.9012515e+000  1.2175176e+001
  1.2110000e+004  1.2353335e+001  4.8531781e+000  1.2175423e+001
  1.2120000e+004  1.2342237e+001  4.8084051e+000  1.2175667e+001
  1.2130000e+004  1.2304139e+001  4.7583053e+000  1.2175909e+001
  1.2140000e+004  1.2274066e+001  4.7072542e+000  1.2176149e+001
  1.2150000e+004  1.2279667e+001  4.6668495e+000  1.2176386e+001
  1.2160000e+004  1.2374130e+001  4.6264689e+000  1.2176621e+001
  1.2170000e+004  1.2407570e+001  4.5863097e+000  1.2176854e+001
  1.2180000e+004  1.2407576e+001  4.5461504e+000  1.2177084e+001
  1.2190000e+004  1.2374146e+001  4.5059912e+000  1.2177312e+001
  1.2200000e+004  1.2338015e+001  4.4658319e+000  1.2177538e+001
  1.2210000e+004  1.2245331e+001  4.4256727e+000  1.2177756e+001
  1.2220000e+004  1.2275390e+001  4.3843435e+000  1.2177977e+001
  1.2230000e+004  1.2313491e+001  4.3441734e+000  1.2178196e+001
  1.2240000e+004  1.2324598e+001  4.3040141e+000  1.2178413e+001
  1.2250000e+004  1.2298500e+001  4.2638549e+000  1.2178628e+001
  1.2260000e+004  1.2359117e+001  4.2236957e+000  1.2178840e+001
  1.2270000e+004  1.2342745e+001  4.1835364e+000  1.2179051e+001
  1.2280000e+004  1.2364355e+001  4.1432542e+000  1.2179259e+001
  1.2290000e+004  1.2404086e+001  4.0956562e+000  1.2179466e+001
  1.2300000e+004  1.2425410e+001  4.0416422e+000  1.2179670e+001
  1.2310000e+004  1.2407610e+001  3.9876456e+000  1.2179872e+001
  1.2320000e+004  1.2368253e+001  3.9461755e+000  1.2180072e+001
  1.2330000e+004  1.2342411e+001  3.9022963e+000  1.2180271e+001
  1.2340000e+004  1.2353845e+001  3.8599822e+000  1.2180467e+001
  1.2350000e+004  1.2392041e+001  3.8197755e+000  1.2180661e+001
  1.2360000e+004  1.2406572e+001  3.7796163e+000  1.2180854e+001
  1.2370000e+004  1.2400621e+001  3.7394570e+000  1.2181044e+001
  1.2380000e+004  1.2364351e+001  3.6992978e+000  1.2181233e+001
  1.2390000e+004  1.2331106e+001  3.6591386e+000  1.2181420e+001
  1.2400000e+004  1.2331452e+001  3.6132415e+000  1.2181605e+001
  1.2410000e+004  1.2293171e+001  3.5661522e+000  1.2181788e+001
  1.2420000e+004  1.2329149e+001  3.5222467e+000  1.2181969e+001
  1.2430000e+004  1.2334413e+001  3.4802264e+000  1.2182148e+001
  1.2440000e+004  1.2304119e+001  3.4362761e+000  1.2182326e+001
  1.2450000e+004  1.2266119e+001  3.3942089e+000  1.2182502e+001
  1.2460000e+004  1.2300508e+001  3.3540453e+000  1.2182676e+001
  1.2470000e+004  1.2326874e+001  3.3138861e+000  1.2182848e+001
  1.2480000e+004  1.2366131e+001  3.2737268e+000  1.2183019e+001
  1.2490000e+004  1.2382190e+001  3.2335676e+000  1.2183188e+001
  1.2500000e+004  1.2360285e+001  3.1934084e+000  1.2183355e+001
  1.2510000e+004  1.2270417e+001  3.1532491e+000  1.2183521e+001
  1.2520000e+004  1.2249388e+001  3.1130899e+000  1.2183685e+001
  1.2530000e+004  1.2266395e+001  3.0729306e+000  1.2183847e+001
  1.2540000e+004  1.2305799e+001  3.0327714e+000  1.2184008e+001
  1.2550000e+004  1.2331373e+001  2.9926122e+000  1.2184167e+001
  1.2560000e+004  1.2417707e+001  2.9524518e+000  1.2184324e+001
  1.2570000e+004  1.2379422e+001  2.9114870e+000  1.2184480e+001
  1.2580000e+004  1.2349814e+001  2.8704558e+000  1.2184635e+001
  1.2590000e+004  1.2356110e+001  2.8302925e+000  1.2184788e+001
  1.2600000e+004  1.2392523e+001  2.7901332e+000  1.2184939e+001
  1.2610000e+004  1.2321764e+001  2.7499740e+000  1.2185089e+001
  1.2620000e+004  1.2321059e+001  2.7098148e+000  1.2185237e+001
  1.2630000e+004  1.2287254e+001  2.6696555e+000  1.2185384e+001
  1.2640000e+004  1.2251422e+001  2.6292215e+000  1.2185529e+001
  1.2650000e+004  1.2246507e+001  2.5863522e+000  1.2185670e+001
  1.2660000e+004  1.2354828e+001  2.5420579e+000  1.2185812e+001
  1.2670000e+004  1.2392730e+001  2.4925378e+000  1.2185953e+001
  1.2680000e+004  1.2403160e+001  2.4327894e+000  1.2186093e+001
  1.2690000e+004  1.2376535e+001  2.3819713e+000  1.2186231e+001
  1.2700000e+004  1.2337333e+001  2.3416718e+000  1.2186368e+001
  1.2710000e+004  1.2331955e+001  2.2994454e+000  1.2186504e+001
  1.2720000e+004  1.2354152e+001  2.2559587e+000  1.2186638e+001
  1.2730000e+004  1.2393875e+001  2.2138728e+000  1.2186771e+001
  1.2740000e+004  1.2414601e+001  2.1736759e+000  1.2186903e+001
  1.2750000e+004  1.2397277e+001  2.1335167e+000  1.2187033e+001
  1.2760000e+004  1.2337211e+001  2.0933574e+000  1.2187162e+001
  1.2770000e+004  1.2311906e+001  2.0456258e+000  1.2187290e+001
  1.2780000e+004  1.2324011e+001  1.9856144e+000  1.2187417e+001
  1.2790000e+004  1.2362395e+001  1.9306201e+000  1.2187542e+001
  1.2800000e+004  1.2391768e+001  1.8901028e+000  1.2187666e+001
  1.2810000e+004  1.2387437e+001  1.8499436e+000  1.2187788e+001
  1.2820000e+004  1.2350885e+001  1.8092299e+000  1.2187910e+001
  1.2830000e+004  1.2318030e+001  1.7575738e+000  1.2188030e+001
  1.2840000e+004  1.2319079e+001  1.6981299e+000  1.2188149e+001
  1.2850000e+004  1.2353068e+001  1.6447780e+000  1.2188267e+001
  1.2860000e+004  1.2423233e+001  1.6044205e+000  1.2188384e+001
  1.2870000e+004  1.2427802e+001  1.5642612e+000  1.2188500e+001
  1.2880000e+004  1.2397057e+001  1.5202385e+000  1.2188614e+001
  1.2890000e+004  1.2359269e+001  1.4732682e+000  1.2188727e+001
  1.2900000e+004  1.2349178e+001  1.4270283e+000  1.2188839e+001
  1.2910000e+004  1.2333020e+001  1.3791723e+000  1.2188950e+001
  1.2920000e+004  1.2372159e+001  1.3325661e+000  1.2189060e+001
  1.2930000e+004  1.2387572e+001  1.2865560e+000  1.2189169e+001
  1.2940000e+004  1.2365084e+001  1.2439642e+000  1.2189277e+001
  1.2950000e+004  1.2325371e+001  1.2028850e+000  1.2189384e+001
  1.2960000e+004  1.2336720e+001  1.1627258e+000  1.2189489e+001
  1.2970000e+004  1.2354362e+001  1.1225665e+000  1.2189594e+001
  1.2980000e+004  1.2393851e+001  1.0824073e+000  1.2189698e+001
  1.2990000e+004  1.2418882e+001  1.0422481e+000  1.2189800e+001
  1.3000000e+004  1.2485067e+001  9.9702130e-001  1.2189902e+001
  1.3010000e+004  1.2447477e+001  9.9330658e-001  1.2190002e+001
  1.3020000e+004  1.2418341e+001  9.9191767e-001  1.2190101e+001
  1.3030000e+004  1.2425331e+001  9.9052879e-001  1.2190200e+001
  1.3040000e+004  1.2462020e+001  9.8913990e-001  1.2190297e+001
  1.3050000e+004  1.2494675e+001  9.8775101e-001  1.2190394e+001
  1.3060000e+004  1.2511492e+001  9.8636212e-001  1.2190490e+001
  1.3070000e+004  1.2477324e+001  9.8497323e-001  1.2190584e+001
  1.3080000e+004  1.2441802e+001  9.8358434e-001  1.2190678e+001
  1.3090000e+004  1.2437585e+001  9.8219545e-001  1.2190771e+001
  1.3100000e+004  1.2468551e+001  9.8080656e-001  1.2190863e+001
