Observation N:100 
First hierarchy level: 
Lambda matrix: 
   0.000    0.001    0.003    0.004
   0.006    0.000    0.017   -0.016
  -0.017   -0.007    0.000   -0.002
   0.000   -0.002    0.000    0.000
  -0.031   -0.017    0.015   -0.006
   0.000    0.017   -0.016   -0.017
  -0.007    0.000   -0.002    0.000
  -0.002    0.000    0.000    0.017
  -0.016   -0.017   -0.007    0.000
  -0.002    0.000   -0.002    0.000
   0.000   -0.031   -0.017    0.015
  -0.006 
PSI1: 
   0.162    0.162    0.162    0.162
   0.162    0.162    0.162    0.162
   0.162    0.162    0.162    0.162
   0.162    0.162    0.162    0.162
   0.162    0.162    0.162    0.162
   0.162    0.162    0.162    0.162
   0.162    0.162    0.162    0.162
   0.162    0.162    0.162    0.162
   0.162    0.162    0.162    0.162
   0.162    0.162    0.162    0.162
   0.162    0.162    0.162    0.162
   0.162    0.162    0.162    0.162
   0.162    0.162    0.015    0.107
   0.044    0.058    0.078    0.052
  -0.008   -0.017   -0.013   -0.013
  -0.013   -0.013    0.064    0.103
   0.063    0.054    0.079    0.047
   0.055    0.058    0.069    0.062
   0.058    0.057    0.112    0.070
   0.064    0.107    0.066    0.059
  -0.009   -0.014   -0.013   -0.002
   0.073    0.054    0.066    0.003
  -0.015    0.019    0.065    0.063
   0.037   -0.006   -0.037    0.014
   0.066    0.001   -0.012   -0.015
   0.024    0.024    0.024    0.024
   0.024    0.024    0.024    0.024
   0.024    0.024    0.024    0.024
   0.024    0.024    0.024    0.024
   0.024    0.024    0.024    0.024
   0.024    0.024    0.024    0.024
   0.024    0.024    0.024    0.024
   0.024    0.024    0.024    0.024
   0.024    0.024    0.024    0.024
   0.024    0.024    0.024    0.024
   0.024    0.024    0.024    0.024
   0.024    0.024    0.024    0.024
   0.024    0.024    0.069    0.060
   0.048    0.056    0.047    0.053
   0.073    0.064    0.048    0.047
   0.046   -0.030   -0.002   -0.012
  -0.049   -0.018   -0.018   -0.026
   0.041    0.054   -0.003   -0.057
  -0.026   -0.019   -0.065   -0.043
  -0.050   -0.033   -0.015   -0.024
  -0.029    0.018   -0.022   -0.033
  -0.020   -0.017   -0.064    0.077
   0.076    0.004   -0.077   -0.060
  -0.055    0.022    0.044   -0.004
  -0.052   -0.027   -0.022   -0.044
PSI2: 
   0.015    0.107    0.045    0.058
   0.078    0.052   -0.008   -0.016
  -0.013   -0.013   -0.013   -0.013
   0.064    0.103    0.063    0.054
   0.079    0.047    0.055    0.058
   0.069    0.062    0.058    0.057
   0.112    0.070    0.064    0.107
   0.066    0.059   -0.009   -0.014
  -0.013   -0.002    0.073    0.054
   0.066    0.003   -0.015    0.019
   0.065    0.063    0.037   -0.006
  -0.037    0.014    0.066    0.001
  -0.012   -0.015    0.024    0.024
   0.024    0.024    0.024    0.024
   0.024    0.024    0.024    0.024
   0.024    0.024    0.024    0.024
   0.024    0.024    0.024    0.024
   0.024    0.024    0.024    0.024
   0.024    0.024    0.024    0.024
   0.024    0.024    0.024    0.024
   0.024    0.024    0.024    0.024
   0.024    0.024    0.024    0.024
   0.024    0.024    0.024    0.024
   0.024    0.024    0.024    0.024
   0.024    0.024    0.024    0.024
PSI3: 
   0.015    0.107    0.045    0.058
   0.078    0.052   -0.008   -0.016
  -0.013   -0.013   -0.013   -0.013
   0.064    0.103    0.063    0.054
   0.079    0.047    0.055    0.058
   0.069    0.062    0.058    0.057
   0.112    0.070    0.064    0.107
   0.066    0.059   -0.009   -0.014
  -0.013   -0.002    0.073    0.054
   0.066    0.003   -0.015    0.019
   0.065    0.063    0.037   -0.006
  -0.037    0.014    0.066    0.001
  -0.012   -0.015    0.024    0.024
   0.024    0.024    0.024    0.024
   0.024    0.024    0.024    0.024
   0.024    0.024    0.024    0.024
   0.024    0.024    0.024    0.024
   0.024    0.024    0.024    0.024
   0.024    0.024    0.024    0.024
   0.024    0.024    0.024    0.024
   0.024    0.024    0.024    0.024
   0.024    0.024    0.024    0.024
   0.024    0.024    0.024    0.024
   0.024    0.024    0.024    0.024
   0.024    0.024    0.024    0.024
   0.069    0.060    0.048    0.056
   0.047    0.053    0.073    0.064
   0.048    0.047    0.046   -0.030
  -0.002   -0.012   -0.049   -0.018
  -0.018   -0.026    0.041    0.054
  -0.003   -0.057   -0.026   -0.019
  -0.065   -0.043   -0.050   -0.033
  -0.015   -0.024   -0.029    0.018
  -0.022   -0.033   -0.020   -0.017
  -0.064    0.077    0.076    0.004
  -0.077   -0.060   -0.055    0.022
   0.044   -0.004   -0.052   -0.027
  -0.022   -0.044 
Second  hierarchy level: 
Matrix A: 
   0.870    3.586    0.127    1.247
   3.083    6.799    3.586    6.081
   1.247    1.946    2.419    0.284
   2.748    1.311   15.193    2.419
  13.611    2.748      NaN      NaN
     NaN      NaN      NaN      NaN
     NaN      NaN      NaN 
FI1: 
   0.285    0.602    0.364    0.421
   0.481    0.398    0.205    0.165
   0.156    0.155    0.154    0.059
   0.372    0.499    0.310    0.314
   0.404    0.280    0.393    0.420
   0.387    0.295    0.319    0.325
   0.465    0.343    0.311    0.487
   0.361    0.327    0.075    0.117
   0.069    0.096    0.382    0.318
   0.302    0.250    0.185    0.216
   0.281    0.296    0.208    0.150
   0.067    0.190    0.315    0.115
   0.075    0.036    0.549    0.745
   0.563    0.617    0.640    0.596
   0.502    0.458    0.423    0.419
   0.417    0.208    0.472    0.538
   0.342    0.402    0.463    0.365
   0.568    0.612    0.480    0.316
   0.390    0.409    0.415    0.375
   0.340    0.490    0.441    0.401
   0.220    0.339    0.231    0.227
   0.445    0.407    0.308    0.540
   0.495    0.379    0.268    0.310
   0.260    0.369    0.355    0.345
   0.338    0.251    0.234    0.165
     NaN      NaN      NaN      NaN
     NaN      NaN      NaN      NaN
     NaN      NaN      NaN      NaN
     NaN      NaN      NaN      NaN
     NaN      NaN      NaN      NaN
     NaN      NaN      NaN      NaN
     NaN      NaN      NaN      NaN
     NaN      NaN      NaN      NaN
     NaN      NaN      NaN      NaN
     NaN      NaN      NaN      NaN
     NaN      NaN      NaN      NaN
     NaN      NaN      NaN      NaN
     NaN      NaN 
FI2: 
   0.208    0.491    0.298    0.339
   0.401    0.322    0.136    0.110
   0.120    0.120    0.120    0.120
   0.360    0.479    0.356    0.327
   0.405    0.306    0.332    0.341
   0.374    0.352    0.340    0.336
   0.507    0.378    0.358    0.492
   0.363    0.343    0.133    0.119
   0.120    0.156    0.387    0.328
   0.366    0.170    0.115    0.218
   0.362    0.357    0.276    0.142
   0.047    0.205    0.363    0.165
   0.125    0.115    0.380    0.500
   0.418    0.436    0.462    0.429
   0.349    0.338    0.342    0.343
   0.343    0.343    0.444    0.495
   0.443    0.430    0.463    0.421
   0.432    0.436    0.450    0.441
   0.436    0.434    0.507    0.452
   0.444    0.501    0.446    0.437
   0.348    0.342    0.343    0.358
   0.456    0.431    0.447    0.364
   0.340    0.384    0.445    0.443
   0.409    0.352    0.312    0.379
   0.446    0.362    0.345    0.341
     NaN      NaN      NaN      NaN
     NaN      NaN      NaN      NaN
     NaN      NaN      NaN      NaN
     NaN      NaN      NaN      NaN
     NaN      NaN      NaN      NaN
     NaN      NaN      NaN      NaN
     NaN      NaN      NaN      NaN
     NaN      NaN      NaN      NaN
     NaN      NaN      NaN      NaN
     NaN      NaN      NaN      NaN
     NaN      NaN      NaN      NaN
     NaN      NaN      NaN      NaN
     NaN      NaN 
FI3: 
   0.285    0.602    0.364    0.421
   0.481    0.398    0.205    0.165
   0.156    0.155    0.154    0.059
   0.372    0.499    0.310    0.314
   0.404    0.280    0.393    0.420
   0.387    0.295    0.319    0.325
   0.465    0.343    0.311    0.487
   0.361    0.327    0.075    0.117
   0.069    0.096    0.382    0.318
   0.302    0.250    0.185    0.216
   0.281    0.296    0.208    0.150
   0.067    0.190    0.315    0.115
   0.075    0.036    0.549    0.745
   0.563    0.617    0.640    0.596
   0.502    0.458    0.423    0.419
   0.417    0.208    0.472    0.538
   0.342    0.402    0.463    0.365
   0.568    0.612    0.480    0.316
   0.390    0.409    0.415    0.375
   0.340    0.490    0.441    0.401
   0.220    0.339    0.231    0.227
   0.445    0.407    0.308    0.540
   0.495    0.379    0.268    0.310
   0.260    0.369    0.355    0.345
   0.338    0.251    0.234    0.165
     NaN      NaN      NaN      NaN
     NaN      NaN      NaN      NaN
     NaN      NaN      NaN      NaN
     NaN      NaN      NaN      NaN
     NaN      NaN      NaN      NaN
     NaN      NaN      NaN      NaN
     NaN      NaN      NaN      NaN
     NaN      NaN      NaN      NaN
     NaN      NaN      NaN      NaN
     NaN      NaN      NaN      NaN
     NaN      NaN      NaN      NaN
     NaN      NaN      NaN      NaN
     NaN      NaN 
Third  hierarchy level: 
Matrix C: 
   0.500    0.000    0.500    0.500
   0.000    0.500      NaN      NaN
     NaN 
F: 
  12.216   12.534   12.443   12.434
  12.457   12.480   12.211   12.208
  12.208   12.208   12.207   12.202
  12.291   12.380   12.335   12.306
  12.312   12.354   12.394   12.402
  12.375   12.336   12.284   12.305
  12.350   12.354   12.335   12.343
  12.314   12.324   12.203   12.205
  12.202   12.204   12.307   12.307
  12.336   12.392   12.388   12.364
  12.340   12.335   12.321   12.207
  12.202   12.358   12.336   12.267
  12.281   12.310   45.594   45.683
  45.528   45.520   45.501   45.446
  45.368   45.327   45.297   45.285
  45.275   45.150   45.279   45.282
  45.134   45.128   45.129   45.050
  45.127   45.115   45.009   44.890
  44.891   44.864   44.830   44.770
  44.711   44.740   44.679   44.623
  44.516   44.556   44.499   44.488
  44.558   44.510   44.429   44.481
  44.411   44.314   44.224   44.196
  44.141   44.160   44.140   44.104
  44.060   43.982   43.926   43.852
     NaN      NaN      NaN      NaN
     NaN      NaN      NaN      NaN
     NaN      NaN      NaN      NaN
     NaN      NaN      NaN      NaN
     NaN      NaN      NaN      NaN
     NaN      NaN      NaN      NaN
     NaN      NaN      NaN      NaN
     NaN      NaN      NaN      NaN
     NaN      NaN      NaN      NaN
     NaN      NaN      NaN      NaN
     NaN      NaN      NaN      NaN
     NaN      NaN      NaN      NaN
     NaN      NaN 